300.000000
304.735626
309.468597
314.196259
318.915955
323.625061
328.320923
333.000885
337.662354
342.302673
346.919312
351.509613
356.071045
360.601044
365.097046
369.556549
373.977051
378.356079
382.691162
386.979889
391.219849
395.408630
399.543945
403.623413
407.644775
411.605804
415.504242
419.337921
423.104675
426.802368
430.429016
433.982483
437.460846
440.862122
444.184387
447.425842
450.584625
453.658936
456.647156
459.547485
462.358337
465.078186
467.705444
470.238708
472.676453
475.017395
477.260223
479.403625
481.446472
483.387512
485.225769
486.960144
488.589722
490.113525
491.530701
492.840515
494.042175
495.135010
496.118469
496.991943
497.754944
498.407074
498.947937
499.377258
499.694763
499.900330
499.993774
499.975098
499.844238
499.601379
499.246582
498.780029
498.202026
497.512909
496.713013
495.802826
494.782837
493.653656
492.415863
491.070190
489.617371
488.058228
486.393616
484.624512
482.751862
480.776733
478.700256
476.523560
474.247925
471.874512
469.404785
466.840027
464.181763
461.431396
458.590515
455.660706
452.643616
449.540955
446.354431
443.085815
439.737000
436.309814
432.806213
429.228088
425.577576
421.856567
418.067261
414.211792
410.292236
406.310883
402.269867
398.171509
394.018158
389.812012
385.555573
381.251129
376.901093
372.507996
368.074188
363.602234
359.094635
354.553864
349.982544
345.383148
340.758331
336.110687
331.442749
326.757202
322.056641
317.343689
312.621094
307.891327
303.157166
298.421265
293.686218
288.954742
284.229431
279.512939
274.808014
270.117126
265.443024
260.788330
256.155609
251.547485
246.966492
242.415253
237.896332
233.412201
228.965439
224.558472
220.193802
215.873932
211.601196
207.378021
203.206818
199.089844
195.029510
191.028000
187.087585
183.210526
179.398911
175.654907
171.980698
168.378220
164.849579
161.396698
158.021515
154.725998
151.511902
148.381104
145.335281
142.376190
139.505508
136.724808
134.035645
131.439575
128.938004
126.532364
124.223984
122.014160
119.904160
117.895126
115.988220
114.184479
112.484940
110.890549
109.402191
108.020706
106.746887
105.581406
104.524963
103.578125
102.741409
102.015320
101.400253
100.896530
100.504471
100.224258
100.056076
100.000000

*********************
Number of nodes: 5
*********************
300.000000
513.832275
471.278748
232.492599
100.000000


*********************
Number of nodes: 9
*********************
300.000000
414.781525
491.084015
503.320679
447.676514
343.029236
225.024963
133.624710
100.000000


*********************
Number of nodes: 17
*********************
300.000000
358.213379
411.411316
454.983582
485.203735
499.419373
496.457611
476.511383
441.368591
393.991882
338.540771
279.736115
222.719940
172.366699
133.078308
108.227890
100.000000


*********************
Number of nodes: 33
*********************
300.000000
329.161591
357.690491
384.962555
410.391113
433.414398
453.542603
470.324432
483.409851
492.496246
497.404327
498.005585
494.307800
486.366699
474.377716
458.574829
439.325500
417.020691
392.169434
365.284851
336.974884
307.829346
278.503967
249.613235
221.805283
195.665222
171.778656
150.649963
132.752579
118.465851
108.110779
101.908417
100.000000


*********************
Number of nodes: 65
*********************
300.000000
314.574799
329.070343
343.407166
357.507996
371.294800
384.693939
397.630554
410.036316
421.841095
432.983307
443.399109
453.035095
461.834961
469.754608
476.746613
482.777222
487.808716
491.818481
494.779327
496.680359
497.505402
497.255554
495.926025
493.529938
490.073822
485.582703
480.074158
473.584717
466.142548
457.794861
448.579895
438.554535
427.766113
416.280151
404.151886
391.454102
378.248749
364.614410
350.618225
336.342987
321.859467
307.253021
292.596436
277.975769
263.464294
249.146851
235.095657
221.392532
208.106903
195.315994
183.084824
171.484375
160.573822
150.416458
141.064209
132.571350
124.981445
118.338615
112.677002
108.029686
104.420662
101.871193
100.394646
100.000000


*********************
Number of nodes: 129
*********************
300.000000
307.283203
314.556549
321.809967
329.033722
336.217773
343.352631
350.428162
357.435150
364.363586
371.204559
377.948120
384.585785
391.107727
397.505890
403.770630
409.894318
415.867706
421.683563
427.332977
432.809296
438.103882
443.210724
448.121613
452.831085
457.331451
461.617859
465.683105
469.522980
473.130951
476.503357
479.634277
482.520752
485.157440
487.542175
489.670197
491.540131
493.147797
494.492645
495.571106
496.383484
496.926758
497.202057
497.207062
496.943726
496.410339
495.609650
494.540649
493.206848
491.607910
489.748138
487.627838
485.252106
482.621857
479.742920
476.616882
473.250305
469.645416
465.809387
461.745117
457.460388
452.958740
448.248505
443.333771
438.223541
432.922455
427.439972
421.781219
415.956146
409.970398
403.834351
397.554047
391.140289
384.599548
377.942902
371.177185
364.313751
357.359772
350.326843
343.222382
336.058136
328.841797
321.585144
314.296112
306.986450
299.664307
292.341431
285.025940
277.729614
270.460571
263.230469
256.047394
248.922897
241.864853
234.884674
227.990082
221.192200
214.498596
207.919998
201.463821
195.140381
188.956802
182.922943
177.045654
171.334274
165.795319
160.437592
155.267181
150.292313
145.518677
140.953873
136.603088
132.473282
128.569138
124.896927
121.460793
118.266304
115.317055
112.617813
110.171646
107.982506
106.052910
104.385979
102.983650
101.848206
100.980980
100.383408
100.056221
100.000000

