0.000000
0.005025
0.010050
0.015075
0.020101
0.025126
0.030151
0.035176
0.040201
0.045226
0.050251
0.055276
0.060302
0.065327
0.070352
0.075377
0.080402
0.085427
0.090452
0.095477
0.100503
0.105528
0.110553
0.115578
0.120603
0.125628
0.130653
0.135678
0.140704
0.145729
0.150754
0.155779
0.160804
0.165829
0.170854
0.175879
0.180905
0.185930
0.190955
0.195980
0.201005
0.206030
0.211055
0.216080
0.221106
0.226131
0.231156
0.236181
0.241206
0.246231
0.251256
0.256281
0.261307
0.266332
0.271357
0.276382
0.281407
0.286432
0.291457
0.296482
0.301508
0.306533
0.311558
0.316583
0.321608
0.326633
0.331658
0.336683
0.341709
0.346734
0.351759
0.356784
0.361809
0.366834
0.371859
0.376884
0.381910
0.386935
0.391960
0.396985
0.402010
0.407035
0.412060
0.417085
0.422111
0.427136
0.432161
0.437186
0.442211
0.447236
0.452261
0.457286
0.462312
0.467337
0.472362
0.477387
0.482412
0.487437
0.492462
0.497487
0.502513
0.507538
0.512563
0.517588
0.522613
0.527638
0.532663
0.537688
0.542714
0.547739
0.552764
0.557789
0.562814
0.567839
0.572864
0.577889
0.582915
0.587940
0.592965
0.597990
0.603015
0.608040
0.613065
0.618090
0.623116
0.628141
0.633166
0.638191
0.643216
0.648241
0.653266
0.658291
0.663317
0.668342
0.673367
0.678392
0.683417
0.688442
0.693467
0.698492
0.703518
0.708543
0.713568
0.718593
0.723618
0.728643
0.733668
0.738693
0.743719
0.748744
0.753769
0.758794
0.763819
0.768844
0.773869
0.778894
0.783920
0.788945
0.793970
0.798995
0.804020
0.809045
0.814070
0.819095
0.824121
0.829146
0.834171
0.839196
0.844221
0.849246
0.854271
0.859297
0.864322
0.869347
0.874372
0.879397
0.884422
0.889447
0.894472
0.899498
0.904523
0.909548
0.914573
0.919598
0.924623
0.929648
0.934673
0.939699
0.944724
0.949749
0.954774
0.959799
0.964824
0.969849
0.974874
0.979900
0.984925
0.989950
0.994975
1.000000

*********************
Number of nodes: 5
*********************
0.000000
0.250000
0.500000
0.750000
1.000000


*********************
Number of nodes: 9
*********************
0.000000
0.125000
0.250000
0.375000
0.500000
0.625000
0.750000
0.875000
1.000000


*********************
Number of nodes: 17
*********************
0.000000
0.062500
0.125000
0.187500
0.250000
0.312500
0.375000
0.437500
0.500000
0.562500
0.625000
0.687500
0.750000
0.812500
0.875000
0.937500
1.000000


*********************
Number of nodes: 33
*********************
0.000000
0.031250
0.062500
0.093750
0.125000
0.156250
0.187500
0.218750
0.250000
0.281250
0.312500
0.343750
0.375000
0.406250
0.437500
0.468750
0.500000
0.531250
0.562500
0.593750
0.625000
0.656250
0.687500
0.718750
0.750000
0.781250
0.812500
0.843750
0.875000
0.906250
0.937500
0.968750
1.000000


*********************
Number of nodes: 65
*********************
0.000000
0.015625
0.031250
0.046875
0.062500
0.078125
0.093750
0.109375
0.125000
0.140625
0.156250
0.171875
0.187500
0.203125
0.218750
0.234375
0.250000
0.265625
0.281250
0.296875
0.312500
0.328125
0.343750
0.359375
0.375000
0.390625
0.406250
0.421875
0.437500
0.453125
0.468750
0.484375
0.500000
0.515625
0.531250
0.546875
0.562500
0.578125
0.593750
0.609375
0.625000
0.640625
0.656250
0.671875
0.687500
0.703125
0.718750
0.734375
0.750000
0.765625
0.781250
0.796875
0.812500
0.828125
0.843750
0.859375
0.875000
0.890625
0.906250
0.921875
0.937500
0.953125
0.968750
0.984375
1.000000


*********************
Number of nodes: 129
*********************
0.000000
0.007812
0.015625
0.023438
0.031250
0.039062
0.046875
0.054688
0.062500
0.070312
0.078125
0.085938
0.093750
0.101562
0.109375
0.117188
0.125000
0.132812
0.140625
0.148438
0.156250
0.164062
0.171875
0.179688
0.187500
0.195312
0.203125
0.210938
0.218750
0.226562
0.234375
0.242188
0.250000
0.257812
0.265625
0.273438
0.281250
0.289062
0.296875
0.304688
0.312500
0.320312
0.328125
0.335938
0.343750
0.351562
0.359375
0.367188
0.375000
0.382812
0.390625
0.398438
0.406250
0.414062
0.421875
0.429688
0.437500
0.445312
0.453125
0.460938
0.468750
0.476562
0.484375
0.492188
0.500000
0.507812
0.515625
0.523438
0.531250
0.539062
0.546875
0.554688
0.562500
0.570312
0.578125
0.585938
0.593750
0.601562
0.609375
0.617188
0.625000
0.632812
0.640625
0.648438
0.656250
0.664062
0.671875
0.679688
0.687500
0.695312
0.703125
0.710938
0.718750
0.726562
0.734375
0.742188
0.750000
0.757812
0.765625
0.773438
0.781250
0.789062
0.796875
0.804688
0.812500
0.820312
0.828125
0.835938
0.843750
0.851562
0.859375
0.867188
0.875000
0.882812
0.890625
0.898438
0.906250
0.914062
0.921875
0.929688
0.937500
0.945312
0.953125
0.960938
0.968750
0.976562
0.984375
0.992188
1.000000

