TITLE = "Cavity Iterative Residual History"
variables="Iteration""Time(s)""Res1""Res2""Res3"
1 4.882813e-04 0.000000e+00 3.678317e+01 0.000000e+00
10 4.882813e-03 2.163024e+00 6.033162e-01 3.271586e+00
20 9.765625e-03 3.407296e+00 3.398116e-01 8.496576e+00
30 1.464844e-02 3.529812e+00 2.355974e-01 1.038471e+01
40 1.953125e-02 3.571817e+00 1.775348e-01 1.008917e+01
50 2.441406e-02 3.300337e+00 1.402040e-01 9.647756e+00
60 2.929688e-02 2.942373e+00 1.098489e-01 9.399728e+00
70 3.417969e-02 2.691863e+00 8.470933e-02 9.131528e+00
80 3.906250e-02 2.523299e+00 6.420929e-02 9.141375e+00
90 4.394531e-02 2.345097e+00 5.007847e-02 9.283161e+00
100 4.882813e-02 2.145365e+00 4.237322e-02 9.338331e+00
110 5.371094e-02 1.967165e+00 4.147269e-02 9.296416e+00
120 5.859375e-02 1.812087e+00 4.604909e-02 9.191426e+00
130 6.347656e-02 1.669739e+00 5.377064e-02 9.055512e+00
140 6.835938e-02 1.559420e+00 6.220994e-02 8.900180e+00
150 7.324219e-02 1.486649e+00 6.980455e-02 8.742221e+00
160 7.812500e-02 1.435210e+00 7.610505e-02 8.585097e+00
170 8.300781e-02 1.375833e+00 8.111906e-02 8.427647e+00
180 8.789063e-02 1.273089e+00 8.488005e-02 8.268921e+00
190 9.277344e-02 1.110549e+00 8.748521e-02 8.106843e+00
200 9.765625e-02 9.246130e-01 8.914087e-02 7.936707e+00
210 1.025391e-01 8.398957e-01 9.008166e-02 7.754637e+00
220 1.074219e-01 9.840173e-01 9.051768e-02 7.558176e+00
230 1.123047e-01 1.276189e+00 9.063789e-02 7.344860e+00
240 1.171875e-01 1.552724e+00 9.060375e-02 7.111092e+00
250 1.220703e-01 1.708350e+00 9.053485e-02 6.851691e+00
260 1.269531e-01 1.704581e+00 9.049705e-02 6.559278e+00
270 1.318359e-01 1.564718e+00 9.050164e-02 6.224438e+00
280 1.367188e-01 1.365867e+00 9.050569e-02 5.838173e+00
290 1.416016e-01 1.214724e+00 9.041167e-02 5.397287e+00
300 1.464844e-01 1.190269e+00 9.007123e-02 4.912657e+00
310 1.513672e-01 1.281397e+00 8.929432e-02 4.417522e+00
320 1.562500e-01 1.420126e+00 8.787123e-02 3.969951e+00
330 1.611328e-01 1.553727e+00 8.561278e-02 3.640598e+00
340 1.660156e-01 1.660068e+00 8.240838e-02 3.480792e+00
350 1.708984e-01 1.735009e+00 7.829191e-02 3.489814e+00
360 1.757813e-01 1.781272e+00 7.349161e-02 3.618230e+00
370 1.806641e-01 1.802753e+00 6.843236e-02 3.804351e+00
380 1.855469e-01 1.802429e+00 6.366063e-02 4.002720e+00
390 1.904297e-01 1.782098e+00 5.969097e-02 4.189223e+00
400 1.953125e-01 1.742841e+00 5.682656e-02 4.354145e+00
410 2.001953e-01 1.685539e+00 5.505979e-02 4.493861e+00
420 2.050781e-01 1.611246e+00 5.412783e-02 4.605119e+00
430 2.099609e-01 1.521470e+00 5.367253e-02 4.682609e+00
440 2.148438e-01 1.418502e+00 5.338528e-02 4.719627e+00
450 2.197266e-01 1.305874e+00 5.307836e-02 4.711083e+00
460 2.246094e-01 1.189041e+00 5.269793e-02 4.657489e+00
470 2.294922e-01 1.076298e+00 5.230453e-02 4.567761e+00
480 2.343750e-01 9.793705e-01 5.202330e-02 4.458718e+00
490 2.392578e-01 9.120384e-01 5.196910e-02 4.350633e+00
500 2.441406e-01 8.848607e-01 5.217680e-02 4.260732e+00
510 2.490234e-01 8.980220e-01 5.257543e-02 4.197823e+00
520 2.539063e-01 9.399248e-01 5.301634e-02 4.160453e+00
530 2.587891e-01 9.938694e-01 5.332837e-02 4.138572e+00
540 2.636719e-01 1.045272e+00 5.336788e-02 4.117175e+00
550 2.685547e-01 1.084202e+00 5.304695e-02 4.080087e+00
560 2.734375e-01 1.104741e+00 5.233968e-02 4.012773e+00
570 2.783203e-01 1.103542e+00 5.127304e-02 3.903977e+00
580 2.832031e-01 1.079151e+00 4.990745e-02 3.746678e+00
590 2.880859e-01 1.032369e+00 4.831162e-02 3.538729e+00
600 2.929688e-01 9.671591e-01 4.653888e-02 3.283490e+00
610 2.978516e-01 8.912103e-01 4.461278e-02 2.990709e+00
620 3.027344e-01 8.152858e-01 4.252799e-02 2.677474e+00
630 3.076172e-01 7.508301e-01 4.026653e-02 2.368760e+00
640 3.125000e-01 7.058725e-01 3.782173e-02 2.096351e+00
650 3.173828e-01 6.813055e-01 3.521898e-02 1.893656e+00
660 3.222656e-01 6.708388e-01 3.252502e-02 1.783871e+00
670 3.271484e-01 6.652155e-01 2.984236e-02 1.766424e+00
680 3.320313e-01 6.570405e-01 2.729183e-02 1.816268e+00
690 3.369141e-01 6.432074e-01 2.498892e-02 1.898931e+00
700 3.417969e-01 6.248401e-01 2.302082e-02 1.985519e+00
710 3.466797e-01 6.055937e-01 2.143046e-02 2.057999e+00
720 3.515625e-01 5.892140e-01 2.021109e-02 2.107976e+00
730 3.564453e-01 5.772924e-01 1.931466e-02 2.133803e+00
740 3.613281e-01 5.683400e-01 1.867205e-02 2.138003e+00
750 3.662109e-01 5.586907e-01 1.821649e-02 2.125359e+00
760 3.710938e-01 5.445019e-01 1.790047e-02 2.101562e+00
770 3.759766e-01 5.235876e-01 1.770164e-02 2.072255e+00
780 3.808594e-01 4.963985e-01 1.761806e-02 2.042349e+00
790 3.857422e-01 4.661118e-01 1.765692e-02 2.015544e+00
800 3.906250e-01 4.378891e-01 1.782230e-02 1.994018e+00
810 3.955078e-01 4.172853e-01 1.810702e-02 1.978321e+00
820 4.003906e-01 4.079998e-01 1.849090e-02 1.967475e+00
830 4.052734e-01 4.100774e-01 1.894447e-02 1.959290e+00
840 4.101563e-01 4.200314e-01 1.943445e-02 1.950829e+00
850 4.150391e-01 4.327558e-01 1.992810e-02 1.938954e+00
860 4.199219e-01 4.435346e-01 2.039524e-02 1.920844e+00
870 4.248047e-01 4.490864e-01 2.080829e-02 1.894402e+00
880 4.296875e-01 4.477379e-01 2.114151e-02 1.858512e+00
890 4.345703e-01 4.391947e-01 2.137046e-02 1.813102e+00
900 4.394531e-01 4.242069e-01 2.147234e-02 1.759029e+00
910 4.443359e-01 4.042490e-01 2.142723e-02 1.697838e+00
920 4.492188e-01 3.812450e-01 2.121986e-02 1.631443e+00
930 4.541016e-01 3.573274e-01 2.084152e-02 1.561818e+00
940 4.589844e-01 3.346085e-01 2.029173e-02 1.490764e+00
950 4.638672e-01 3.149278e-01 1.957949e-02 1.419816e+00
960 4.687500e-01 2.995986e-01 1.872375e-02 1.350276e+00
970 4.736328e-01 2.891934e-01 1.775298e-02 1.283360e+00
980 4.785156e-01 2.834713e-01 1.670358e-02 1.220366e+00
990 4.833984e-01 2.815378e-01 1.561709e-02 1.162775e+00
1000 4.882813e-01 2.821571e-01 1.453613e-02 1.112214e+00
1010 4.931641e-01 2.840853e-01 1.349931e-02 1.070251e+00
1020 4.980469e-01 2.863070e-01 1.253589e-02 1.038067e+00
1030 5.029297e-01 2.881470e-01 1.166132e-02 1.016106e+00
1040 5.078125e-01 2.892779e-01 1.087538e-02 1.003861e+00
1050 5.126953e-01 2.896631e-01 1.016405e-02 9.999043e-01
1060 5.175781e-01 2.894666e-01 9.504730e-03 1.002158e+00
1070 5.224609e-01 2.889456e-01 8.873506e-03 1.008289e+00
1080 5.273438e-01 2.883440e-01 8.251953e-03 1.016099e+00
1090 5.322266e-01 2.878012e-01 7.632012e-03 1.023798e+00
1100 5.371094e-01 2.872908e-01 7.018406e-03 1.030146e+00
1110 5.419922e-01 2.865971e-01 6.428651e-03 1.034461e+00
1120 5.468750e-01 2.853400e-01 5.890896e-03 1.036548e+00
1130 5.517578e-01 2.830360e-01 5.439636e-03 1.036595e+00
1140 5.566406e-01 2.791802e-01 5.108382e-03 1.035053e+00
1150 5.615234e-01 2.733314e-01 4.919547e-03 1.032514e+00
1160 5.664063e-01 2.651874e-01 4.875356e-03 1.029617e+00
1170 5.712891e-01 2.546463e-01 4.956069e-03 1.026965e+00
1180 5.761719e-01 2.418517e-01 5.127513e-03 1.025062e+00
1190 5.810547e-01 2.272231e-01 5.352265e-03 1.024270e+00
1200 5.859375e-01 2.114684e-01 5.597784e-03 1.024778e+00
1210 5.908203e-01 1.955704e-01 5.839589e-03 1.026590e+00
1220 5.957031e-01 1.807241e-01 6.061098e-03 1.029531e+00
1230 6.005859e-01 1.681866e-01 6.252097e-03 1.033254e+00
1240 6.054688e-01 1.590096e-01 6.407001e-03 1.037273e+00
1250 6.103516e-01 1.537011e-01 6.523359e-03 1.040989e+00
1260 6.152344e-01 1.519966e-01 6.600723e-03 1.043734e+00
1270 6.201172e-01 1.529356e-01 6.639861e-03 1.044801e+00
1280 6.250000e-01 1.552176e-01 6.642224e-03 1.043480e+00
1290 6.298828e-01 1.576013e-01 6.609620e-03 1.039091e+00
1300 6.347656e-01 1.591659e-01 6.544019e-03 1.031012e+00
1310 6.396484e-01 1.594075e-01 6.447431e-03 1.018701e+00
1320 6.445313e-01 1.582280e-01 6.321857e-03 1.001723e+00
1330 6.494141e-01 1.558674e-01 6.169267e-03 9.797703e-01
1340 6.542969e-01 1.528008e-01 5.991616e-03 9.526842e-01
1350 6.591797e-01 1.496186e-01 5.790865e-03 9.204709e-01
1360 6.640625e-01 1.468949e-01 5.569010e-03 8.833159e-01
1370 6.689453e-01 1.450653e-01 5.328141e-03 8.415943e-01
1380 6.738281e-01 1.443438e-01 5.070491e-03 7.958792e-01
1390 6.787109e-01 1.447022e-01 4.798486e-03 7.469508e-01
1400 6.835938e-01 1.459183e-01 4.514739e-03 6.958084e-01
1410 6.884766e-01 1.476628e-01 4.222038e-03 6.436900e-01
1420 6.933594e-01 1.495882e-01 3.923313e-03 5.920992e-01
1430 6.982422e-01 1.513909e-01 3.621572e-03 5.428375e-01
1440 7.031250e-01 1.528389e-01 3.319838e-03 4.980200e-01
1450 7.080078e-01 1.537717e-01 3.021133e-03 4.600229e-01
1460 7.128906e-01 1.540836e-01 2.728538e-03 4.312736e-01
1470 7.177734e-01 1.537029e-01 2.445409e-03 4.138026e-01
1480 7.226563e-01 1.525717e-01 2.175800e-03 4.086307e-01
1490 7.275391e-01 1.506335e-01 1.925158e-03 4.153265e-01
1500 7.324219e-01 1.478296e-01 1.701298e-03 4.320908e-01
1510 7.373047e-01 1.441028e-01 1.515392e-03 4.563280e-01
1520 7.421875e-01 1.394064e-01 1.381966e-03 4.852986e-01
1530 7.470703e-01 1.337168e-01 1.315850e-03 5.165401e-01
1540 7.519531e-01 1.270449e-01 1.325157e-03 5.480231e-01
1550 7.568359e-01 1.194475e-01 1.405255e-03 5.781486e-01
1560 7.617188e-01 1.110352e-01 1.540690e-03 6.056866e-01
1570 7.666016e-01 1.019807e-01 1.712633e-03 6.297071e-01
1580 7.714844e-01 9.252612e-02 1.904360e-03 6.495220e-01
1590 7.763672e-01 8.299421e-02 2.102805e-03 6.646422e-01
1600 7.812500e-01 7.380280e-02 2.298139e-03 6.747463e-01
1610 7.861328e-01 6.548072e-02 2.482976e-03 6.796569e-01
1620 7.910156e-01 5.866353e-02 2.651738e-03 6.793233e-01
1630 7.958984e-01 5.401534e-02 2.800250e-03 6.738072e-01
1640 8.007813e-01 5.201719e-02 2.925483e-03 6.632691e-01
1650 8.056641e-01 5.269841e-02 3.025395e-03 6.479576e-01
1660 8.105469e-01 5.557673e-02 3.098813e-03 6.281975e-01
1670 8.154297e-01 5.990201e-02 3.145339e-03 6.043805e-01
1680 8.203125e-01 6.494847e-02 3.165255e-03 5.769556e-01
1690 8.251953e-01 7.015322e-02 3.159423e-03 5.464225e-01
1700 8.300781e-01 7.512645e-02 3.129185e-03 5.133270e-01
1710 8.349609e-01 7.961601e-02 3.076246e-03 4.782600e-01
1720 8.398438e-01 8.346925e-02 3.002572e-03 4.418613e-01
1730 8.447266e-01 8.660356e-02 2.910282e-03 4.048301e-01
1740 8.496094e-01 8.898549e-02 2.801552e-03 3.679432e-01
1750 8.544922e-01 9.061604e-02 2.678540e-03 3.320828e-01
1760 8.593750e-01 9.151985e-02 2.543328e-03 2.982724e-01
1770 8.642578e-01 9.173726e-02 2.397894e-03 2.677111e-01
1780 8.691406e-01 9.131814e-02 2.244112e-03 2.417730e-01
1790 8.740234e-01 9.031731e-02 2.083782e-03 2.219029e-01
1800 8.789063e-01 8.879110e-02 1.918689e-03 2.093255e-01
1810 8.837891e-01 8.679494e-02 1.750695e-03 2.045905e-01
1820 8.886719e-01 8.438193e-02 1.581880e-03 2.072278e-01
1830 8.935547e-01 8.160203e-02 1.414722e-03 2.158427e-01
1840 8.984375e-01 7.850203e-02 1.252376e-03 2.286013e-01
1850 9.033203e-01 7.512589e-02 1.099058e-03 2.437211e-01
1860 9.082031e-01 7.151550e-02 9.605669e-04 2.597276e-01
1870 9.130859e-01 6.771167e-02 8.447746e-04 2.755026e-01
1880 9.179688e-01 6.375522e-02 7.614071e-04 2.902374e-01
1890 9.228516e-01 5.968822e-02 7.196611e-04 3.033640e-01
1900 9.277344e-01 5.555517e-02 7.232774e-04 3.144956e-01
1910 9.326172e-01 5.140432e-02 7.671751e-04 3.233811e-01
1920 9.375000e-01 4.728918e-02 8.401201e-04 3.298726e-01
1930 9.423828e-01 4.327017e-02 9.301918e-04 3.339023e-01
1940 9.472656e-01 3.941659e-02 1.027867e-03 3.354653e-01
1950 9.521484e-01 3.580855e-02 1.126405e-03 3.346076e-01
1960 9.570313e-01 3.253822e-02 1.221227e-03 3.314162e-01
1970 9.619141e-01 2.970834e-02 1.309247e-03 3.260119e-01
1980 9.667969e-01 2.742490e-02 1.388396e-03 3.185429e-01
1990 9.716797e-01 2.578041e-02 1.457312e-03 3.091805e-01
2000 9.765625e-01 2.482833e-02 1.515138e-03 2.981149e-01
2010 9.814453e-01 2.455895e-02 1.561399e-03 2.855522e-01
2020 9.863281e-01 2.489337e-02 1.595908e-03 2.717124e-01
2030 9.912109e-01 2.570222e-02 1.618712e-03 2.568280e-01
2040 9.960938e-01 2.683727e-02 1.630036e-03 2.411434e-01
2050 1.000977e+00 2.815833e-02 1.630253e-03 2.249156e-01
2060 1.005859e+00 2.954723e-02 1.619848e-03 2.084154e-01
2070 1.010742e+00 3.091131e-02 1.599400e-03 1.919311e-01
2080 1.015625e+00 3.218125e-02 1.569557e-03 1.757722e-01
2090 1.020508e+00 3.330715e-02 1.531023e-03 1.602743e-01
2100 1.025391e+00 3.425458e-02 1.484549e-03 1.458041e-01
2110 1.030273e+00 3.500131e-02 1.430923e-03 1.327581e-01
2120 1.035156e+00 3.553466e-02 1.370968e-03 1.215502e-01
2130 1.040039e+00 3.584953e-02 1.305546e-03 1.125747e-01
2140 1.044922e+00 3.594677e-02 1.235560e-03 1.061376e-01
2150 1.049805e+00 3.583197e-02 1.161971e-03 1.023677e-01
2160 1.054688e+00 3.551447e-02 1.085814e-03 1.011483e-01
2170 1.059570e+00 3.500653e-02 1.008231e-03 1.021217e-01
2180 1.064453e+00 3.432275e-02 9.305071e-04 1.047706e-01
2190 1.069336e+00 3.347947e-02 8.541315e-04 1.085318e-01
2200 1.074219e+00 3.249440e-02 7.808618e-04 1.128848e-01
2210 1.079102e+00 3.138623e-02 7.127998e-04 1.173964e-01
2220 1.083984e+00 3.017440e-02 6.524383e-04 1.217295e-01
2230 1.088867e+00 2.887883e-02 6.026062e-04 1.256344e-01
2240 1.093750e+00 2.751977e-02 5.661919e-04 1.289338e-01
2250 1.098633e+00 2.611764e-02 5.455505e-04 1.315081e-01
2260 1.103516e+00 2.469292e-02 5.417260e-04 1.332828e-01
2270 1.108398e+00 2.326607e-02 5.539425e-04 1.342194e-01
2280 1.113281e+00 2.185741e-02 5.797872e-04 1.343074e-01
2290 1.118164e+00 2.048707e-02 6.159608e-04 1.335587e-01
2300 1.123047e+00 1.917482e-02 6.590705e-04 1.320035e-01
2310 1.127930e+00 1.793988e-02 7.061083e-04 1.296864e-01
2320 1.132813e+00 1.680058e-02 7.546075e-04 1.266642e-01
2330 1.137695e+00 1.577375e-02 8.026170e-04 1.230031e-01
2340 1.142578e+00 1.487399e-02 8.486118e-04 1.187775e-01
2350 1.147461e+00 1.411253e-02 8.913997e-04 1.140681e-01
2360 1.152344e+00 1.349610e-02 9.300445e-04 1.089613e-01
2370 1.157227e+00 1.302583e-02 9.638094e-04 1.035478e-01
2380 1.162109e+00 1.269666e-02 9.921171e-04 9.792240e-02
2390 1.166992e+00 1.249759e-02 1.014522e-03 9.218320e-02
2400 1.171875e+00 1.241270e-02 1.030690e-03 8.643151e-02
2410 1.176758e+00 1.242286e-02 1.040388e-03 8.077134e-02
2420 1.181641e+00 1.250757e-02 1.043474e-03 7.530873e-02
2430 1.186523e+00 1.264665e-02 1.039891e-03 7.015042e-02
2440 1.191406e+00 1.282143e-02 1.029663e-03 6.540127e-02
2450 1.196289e+00 1.301544e-02 1.012893e-03 6.115978e-02
2460 1.201172e+00 1.321469e-02 9.897589e-04 5.751113e-02
2470 1.206055e+00 1.340761e-02 9.605166e-04 5.451796e-02
2480 1.210938e+00 1.358488e-02 9.254955e-04 5.221028e-02
2490 1.215820e+00 1.373912e-02 8.851019e-04 5.057754e-02
2500 1.220703e+00 1.386461e-02 8.398212e-04 4.956651e-02
2510 1.225586e+00 1.395701e-02 7.902236e-04 4.908672e-02
2520 1.230469e+00 1.401312e-02 7.369741e-04 4.902240e-02
2530 1.235352e+00 1.403067e-02 6.808508e-04 4.924715e-02
2540 1.240234e+00 1.400813e-02 6.227749e-04 4.963706e-02
2550 1.245117e+00 1.394462e-02 5.638598e-04 5.008000e-02
2560 1.250000e+00 1.383975e-02 5.054916e-04 5.048065e-02
2570 1.254883e+00 1.369360e-02 4.494522e-04 5.076219e-02
2580 1.259766e+00 1.350660e-02 3.980865e-04 5.086580e-02
2590 1.264648e+00 1.327957e-02 3.544602e-04 5.074923e-02
2600 1.269531e+00 1.301364e-02 3.222876e-04 5.038485e-02
2610 1.274414e+00 1.271030e-02 3.051881e-04 4.975779e-02
2620 1.279297e+00 1.237137e-02 3.050923e-04 4.886430e-02
2630 1.284180e+00 1.199907e-02 3.209186e-04 4.771029e-02
2640 1.289063e+00 1.159600e-02 3.490832e-04 4.631017e-02
2650 1.293945e+00 1.116523e-02 3.852736e-04 4.468595e-02
2660 1.298828e+00 1.071032e-02 4.257462e-04 4.286656e-02
2670 1.303711e+00 1.023537e-02 4.676829e-04 4.088735e-02
2680 1.308594e+00 9.745120e-03 5.090661e-04 3.878980e-02
2690 1.313477e+00 9.245016e-03 5.484597e-04 3.662135e-02
2700 1.318359e+00 8.741291e-03 5.848295e-04 3.443524e-02
2710 1.323242e+00 8.241069e-03 6.174212e-04 3.229026e-02
2720 1.328125e+00 7.752462e-03 6.456828e-04 3.024994e-02
2730 1.333008e+00 7.284620e-03 6.692143e-04 2.838082e-02
2740 1.337891e+00 6.847710e-03 6.877367e-04 2.674883e-02
2750 1.342773e+00 6.452711e-03 7.010708e-04 2.541345e-02
2760 1.347656e+00 6.110925e-03 7.091229e-04 2.441946e-02
2770 1.352539e+00 5.833089e-03 7.118748e-04 2.378826e-02
2780 1.357422e+00 5.628066e-03 7.093765e-04 2.351169e-02
2790 1.362305e+00 5.501319e-03 7.017397e-04 2.355183e-02
2800 1.367188e+00 5.453624e-03 6.891335e-04 2.384731e-02
2810 1.372070e+00 5.480567e-03 6.717800e-04 2.432350e-02
2820 1.376953e+00 5.573098e-03 6.499509e-04 2.490291e-02
2830 1.381836e+00 5.718953e-03 6.239651e-04 2.551277e-02
2840 1.386719e+00 5.904359e-03 5.941867e-04 2.608934e-02
2850 1.391602e+00 6.115525e-03 5.610250e-04 2.657953e-02
2860 1.396484e+00 6.339634e-03 5.249353e-04 2.694086e-02
2870 1.401367e+00 6.565359e-03 4.864245e-04 2.714065e-02
2880 1.406250e+00 6.783024e-03 4.460608e-04 2.715498e-02
2890 1.411133e+00 6.984559e-03 4.044918e-04 2.696761e-02
2900 1.416016e+00 7.163361e-03 3.624776e-04 2.656903e-02
2910 1.420898e+00 7.314137e-03 3.209470e-04 2.595571e-02
2920 1.425781e+00 7.432739e-03 2.810914e-04 2.512946e-02
2930 1.430664e+00 7.516034e-03 2.445083e-04 2.409693e-02
2940 1.435547e+00 7.561786e-03 2.133713e-04 2.286933e-02
2950 1.440430e+00 7.568571e-03 1.904593e-04 2.146222e-02
2960 1.445313e+00 7.535700e-03 1.785959e-04 1.989563e-02
2970 1.450195e+00 7.463171e-03 1.791987e-04 1.819446e-02
2980 1.455078e+00 7.351622e-03 1.910717e-04 1.638961e-02
2990 1.459961e+00 7.202304e-03 2.110913e-04 1.452017e-02
3000 1.464844e+00 7.017060e-03 2.359058e-04 1.263786e-02
3010 1.469727e+00 6.798323e-03 2.628820e-04 1.081550e-02
3020 1.474609e+00 6.549110e-03 2.901916e-04 9.162298e-03
3030 1.479492e+00 6.273052e-03 3.166039e-04 7.844410e-03
3040 1.484375e+00 5.974423e-03 3.412840e-04 7.083559e-03
3050 1.489258e+00 5.658202e-03 3.636554e-04 7.060149e-03
3060 1.494141e+00 5.330158e-03 3.833145e-04 7.749702e-03
3070 1.499023e+00 4.996964e-03 3.999801e-04 8.939074e-03
3080 1.503906e+00 4.666327e-03 4.134620e-04 1.039781e-02
3090 1.508789e+00 4.347124e-03 4.236413e-04 1.196219e-02
3100 1.513672e+00 4.049453e-03 4.304580e-04 1.352879e-02
3110 1.518555e+00 3.784483e-03 4.339022e-04 1.503170e-02
3120 1.523438e+00 3.563880e-03 4.340077e-04 1.642683e-02
3130 1.528320e+00 3.398591e-03 4.308472e-04 1.768323e-02
3140 1.533203e+00 3.296949e-03 4.245287e-04 1.877851e-02
3150 1.538086e+00 3.262606e-03 4.151921e-04 1.969635e-02
3160 1.542969e+00 3.293261e-03 4.030069e-04 2.042517e-02
3170 1.547852e+00 3.380992e-03 3.881692e-04 2.095729e-02
3180 1.552734e+00 3.514079e-03 3.709005e-04 2.128848e-02
3190 1.557617e+00 3.679317e-03 3.514459e-04 2.141767e-02
3200 1.562500e+00 3.863870e-03 3.300741e-04 2.134666e-02
3210 1.567383e+00 4.056330e-03 3.070779e-04 2.108005e-02
3220 1.572266e+00 4.247088e-03 2.827768e-04 2.062506e-02
3230 1.577148e+00 4.428312e-03 2.575231e-04 1.999150e-02
3240 1.582031e+00 4.593755e-03 2.317138e-04 1.919173e-02
3250 1.586914e+00 4.738529e-03 2.058108e-04 1.824071e-02
3260 1.591797e+00 4.858884e-03 1.803788e-04 1.715613e-02
3270 1.596680e+00 4.952040e-03 1.561490e-04 1.595880e-02
3280 1.601563e+00 5.016041e-03 1.341224e-04 1.467330e-02
3290 1.606445e+00 5.049653e-03 1.156958e-04 1.332909e-02
3300 1.611328e+00 5.052282e-03 1.026792e-04 1.196260e-02
3310 1.616211e+00 5.023907e-03 9.683325e-05 1.062048e-02
3320 1.621094e+00 4.965034e-03 9.875806e-05 9.364638e-03
3330 1.625977e+00 4.876660e-03 1.072283e-04 8.278026e-03
3340 1.630859e+00 4.760243e-03 1.200152e-04 7.465735e-03
3350 1.635742e+00 4.617686e-03 1.350534e-04 7.036748e-03
3360 1.640625e+00 4.451328e-03 1.508638e-04 7.055508e-03
3370 1.645508e+00 4.263942e-03 1.664767e-04 7.496422e-03
3380 1.650391e+00 4.058756e-03 1.812629e-04 8.258403e-03
3390 1.655273e+00 3.839482e-03 1.948073e-04 9.221396e-03
3400 1.660156e+00 3.610369e-03 2.068307e-04 1.028469e-02
3410 1.665039e+00 3.376277e-03 2.171451e-04 1.137480e-02
3420 1.669922e+00 3.142780e-03 2.256263e-04 1.244022e-02
3430 1.674805e+00 2.916264e-03 2.321989e-04 1.344469e-02
3440 1.679688e+00 2.703995e-03 2.368251e-04 1.436224e-02
3450 1.684570e+00 2.514051e-03 2.394992e-04 1.517401e-02
3460 1.689453e+00 2.354954e-03 2.402419e-04 1.586624e-02
3470 1.694336e+00 2.234802e-03 2.390979e-04 1.642917e-02
3480 1.699219e+00 2.159849e-03 2.361326e-04 1.685619e-02
3490 1.704102e+00 2.132872e-03 2.314299e-04 1.714342e-02
3500 1.708984e+00 2.152139e-03 2.250910e-04 1.728934e-02
3510 1.713867e+00 2.211678e-03 2.172318e-04 1.729460e-02
3520 1.718750e+00 2.302741e-03 2.079824e-04 1.716182e-02
3530 1.723633e+00 2.415632e-03 1.974858e-04 1.689549e-02
3540 1.728516e+00 2.541115e-03 1.858970e-04 1.650190e-02
3550 1.733398e+00 2.671150e-03 1.733834e-04 1.598901e-02
3560 1.738281e+00 2.799109e-03 1.601251e-04 1.536650e-02
3570 1.743164e+00 2.919700e-03 1.463178e-04 1.464580e-02
3580 1.748047e+00 3.028793e-03 1.321771e-04 1.384014e-02
3590 1.752930e+00 3.123226e-03 1.179470e-04 1.296481e-02
3600 1.757813e+00 3.200637e-03 1.039159e-04 1.203748e-02
3610 1.762695e+00 3.259331e-03 9.044272e-05 1.107887e-02
3620 1.767578e+00 3.298170e-03 7.799963e-05 1.011359e-02
3630 1.772461e+00 3.316498e-03 6.722904e-05 9.171497e-03
3640 1.777344e+00 3.314075e-03 5.897584e-05 8.289267e-03
3650 1.782227e+00 3.291033e-03 5.416130e-05 7.511639e-03
3660 1.787109e+00 3.247836e-03 5.334275e-05 6.890437e-03
3670 1.791992e+00 3.185250e-03 5.623122e-05 6.477913e-03
3680 1.796875e+00 3.104325e-03 6.181757e-05 6.312073e-03
3690 1.801758e+00 3.006372e-03 6.896225e-05 6.399577e-03
3700 1.806641e+00 2.892959e-03 7.676839e-05 6.710414e-03
3710 1.811523e+00 2.765904e-03 8.462620e-05 7.190376e-03
3720 1.816406e+00 2.627281e-03 9.213850e-05 7.779897e-03
3730 1.821289e+00 2.479438e-03 9.904663e-05 8.426432e-03
3740 1.826172e+00 2.325021e-03 1.051806e-04 9.088359e-03
3750 1.831055e+00 2.167028e-03 1.104288e-04 9.734237e-03
3760 1.835938e+00 2.008866e-03 1.147205e-04 1.034070e-02
3770 1.840820e+00 1.854433e-03 1.180144e-04 1.089046e-02
3780 1.845703e+00 1.708196e-03 1.202921e-04 1.137078e-02
3790 1.850586e+00 1.575205e-03 1.215541e-04 1.177241e-02
3800 1.855469e+00 1.460969e-03 1.218160e-04 1.208884e-02
3810 1.860352e+00 1.371017e-03 1.211066e-04 1.231583e-02
3820 1.865234e+00 1.310039e-03 1.194665e-04 1.245101e-02
3830 1.870117e+00 1.280707e-03 1.169462e-04 1.249369e-02
3840 1.875000e+00 1.282696e-03 1.136056e-04 1.244462e-02
3850 1.879883e+00 1.312568e-03 1.095124e-04 1.230589e-02
3860 1.884766e+00 1.364645e-03 1.047422e-04 1.208083e-02
3870 1.889648e+00 1.432362e-03 9.937724e-05 1.177390e-02
3880 1.894531e+00 1.509376e-03 9.350669e-05 1.139063e-02
3890 1.899414e+00 1.590175e-03 8.722672e-05 1.093764e-02
3900 1.904297e+00 1.670262e-03 8.064126e-05 1.042255e-02
3910 1.909180e+00 1.746093e-03 7.386361e-05 9.854092e-03
3920 1.914063e+00 1.814945e-03 6.701944e-05 9.242184e-03
3930 1.918945e+00 1.874764e-03 6.025151e-05 8.598081e-03
3940 1.923828e+00 1.924039e-03 5.372700e-05 7.934694e-03
3950 1.928711e+00 1.961702e-03 4.764730e-05 7.267027e-03
3960 1.933594e+00 1.987049e-03 4.225801e-05 6.612820e-03
3970 1.938477e+00 1.999687e-03 3.784942e-05 5.993332e-03
3980 1.943359e+00 1.999486e-03 3.472540e-05 5.434032e-03
3990 1.948242e+00 1.986546e-03 3.311612e-05 4.964450e-03
4000 1.953125e+00 1.961174e-03 3.305836e-05 4.615691e-03
4010 1.958008e+00 1.923857e-03 3.434525e-05 4.414014e-03
4020 1.962891e+00 1.875254e-03 3.660966e-05 4.371443e-03
4030 1.967773e+00 1.816177e-03 3.946087e-05 4.479240e-03
4040 1.972656e+00 1.747584e-03 4.257025e-05 4.710366e-03
4050 1.977539e+00 1.670575e-03 4.569220e-05 5.029085e-03
4060 1.982422e+00 1.586392e-03 4.865289e-05 5.400303e-03
4070 1.987305e+00 1.496421e-03 5.133240e-05 5.794422e-03
4080 1.992188e+00 1.402208e-03 5.364959e-05 6.188331e-03
4090 1.997070e+00 1.305482e-03 5.555123e-05 6.564624e-03
4100 2.001953e+00 1.208187e-03 5.700471e-05 6.910396e-03
4110 2.006836e+00 1.112523e-03 5.799319e-05 7.216168e-03
4120 2.011719e+00 1.021003e-03 5.851225e-05 7.475076e-03
4130 2.016602e+00 9.364820e-04 5.856767e-05 7.682287e-03
4140 2.021484e+00 8.621283e-04 5.817370e-05 7.834594e-03
4150 2.026367e+00 8.012510e-04 5.735195e-05 7.930130e-03
4160 2.031250e+00 7.568783e-04 5.613040e-05 7.968157e-03
4170 2.036133e+00 7.310820e-04 5.454272e-05 7.948925e-03
4180 2.041016e+00 7.242748e-04 5.262775e-05 7.873548e-03
4190 2.045898e+00 7.349105e-04 5.042913e-05 7.743927e-03
4200 2.050781e+00 7.598489e-04 4.799506e-05 7.562671e-03
4210 2.055664e+00 7.951622e-04 4.537828e-05 7.333054e-03
4220 2.060547e+00 8.369153e-04 4.263617e-05 7.058969e-03
4230 2.065430e+00 8.816383e-04 3.983108e-05 6.744914e-03
4240 2.070313e+00 9.264939e-04 3.703073e-05 6.395983e-03
4250 2.075195e+00 9.692632e-04 3.430854e-05 6.017897e-03
4260 2.080078e+00 1.008259e-03 3.174351e-05 5.617065e-03
4270 2.084961e+00 1.042229e-03 2.941875e-05 5.200703e-03
4280 2.089844e+00 1.070266e-03 2.741750e-05 4.777023e-03
4290 2.094727e+00 1.091744e-03 2.581523e-05 4.355528e-03
4300 2.099609e+00 1.106262e-03 2.466766e-05 3.947415e-03
4310 2.104492e+00 1.113608e-03 2.399733e-05 3.566043e-03
4320 2.109375e+00 1.113730e-03 2.378489e-05 3.227276e-03
4330 2.114258e+00 1.106711e-03 2.397066e-05 2.949137e-03
4340 2.119141e+00 1.092751e-03 2.446682e-05 2.749791e-03
4350 2.124023e+00 1.072160e-03 2.517415e-05 2.643076e-03
4360 2.128906e+00 1.045337e-03 2.599653e-05 2.632847e-03
4370 2.133789e+00 1.012770e-03 2.684962e-05 2.710186e-03
4380 2.138672e+00 9.750281e-04 2.766426e-05 2.856347e-03
4390 2.143555e+00 9.327530e-04 2.838657e-05 3.049028e-03
4400 2.148438e+00 8.866625e-04 2.897644e-05 3.267478e-03
4410 2.153320e+00 8.375496e-04 2.940556e-05 3.494741e-03
4420 2.158203e+00 7.862875e-04 2.965561e-05 3.717835e-03
4430 2.163086e+00 7.338383e-04 2.971662e-05 3.927129e-03
4440 2.167969e+00 6.812659e-04 2.958575e-05 4.115587e-03
4450 2.172852e+00 6.297517e-04 2.926627e-05 4.278139e-03
4460 2.177734e+00 5.806091e-04 2.876676e-05 4.411212e-03
4470 2.182617e+00 5.352859e-04 2.810057e-05 4.512403e-03
4480 2.187500e+00 4.953331e-04 2.728533e-05 4.580242e-03
4490 2.192383e+00 4.623084e-04 2.634264e-05 4.614034e-03
4500 2.197266e+00 4.375821e-04 2.529784e-05 4.613735e-03
4510 2.202148e+00 4.220551e-04 2.417979e-05 4.579866e-03
4520 2.207031e+00 4.158802e-04 2.302071e-05 4.513449e-03
4530 2.211914e+00 4.183443e-04 2.185592e-05 4.415947e-03
4540 2.216797e+00 4.280051e-04 2.072327e-05 4.289230e-03
4550 2.221680e+00 4.430155e-04 1.966221e-05 4.135539e-03
4560 2.226563e+00 4.614647e-04 1.871200e-05 3.957467e-03
4570 2.231445e+00 4.816127e-04 1.790902e-05 3.757943e-03
4580 2.236328e+00 5.019982e-04 1.728300e-05 3.540239e-03
4590 2.241211e+00 5.214552e-04 1.685294e-05 3.307992e-03
4600 2.246094e+00 5.390871e-04 1.662369e-05 3.065247e-03
4610 2.250977e+00 5.542258e-04 1.658457e-05 2.816553e-03
4620 2.255859e+00 5.663913e-04 1.671093e-05 2.567098e-03
4630 2.260742e+00 5.752578e-04 1.696799e-05 2.322918e-03
4640 2.265625e+00 5.806265e-04 1.731580e-05 2.091177e-03
4650 2.270508e+00 5.824042e-04 1.771369e-05 1.880438e-03
4660 2.275391e+00 5.805872e-04 1.812362e-05 1.700727e-03
4670 2.280273e+00 5.752481e-04 1.851204e-05 1.562869e-03
4680 2.285156e+00 5.665262e-04 1.885073e-05 1.476434e-03
4690 2.290039e+00 5.546189e-04 1.911689e-05 1.446330e-03
4700 2.294922e+00 5.397764e-04 1.929292e-05 1.470005e-03
4710 2.299805e+00 5.222955e-04 1.936600e-05 1.537888e-03
4720 2.304688e+00 5.025168e-04 1.932761e-05 1.636889e-03
4730 2.309570e+00 4.808216e-04 1.917316e-05 1.754083e-03
4740 2.314453e+00 4.576302e-04 1.890160e-05 1.878664e-03
4750 2.319336e+00 4.334015e-04 1.851514e-05 2.002345e-03
4760 2.324219e+00 4.086326e-04 1.801902e-05 2.119024e-03
4770 2.329102e+00 3.838589e-04 1.742135e-05 2.224302e-03
4780 2.333984e+00 3.596533e-04 1.673305e-05 2.315054e-03
4790 2.338867e+00 3.366203e-04 1.596784e-05 2.389114e-03
4800 2.343750e+00 3.153839e-04 1.514234e-05 2.445051e-03
4810 2.348633e+00 2.965612e-04 1.427627e-05 2.482013e-03
4820 2.353516e+00 2.807179e-04 1.339274e-05 2.499617e-03
4830 2.358398e+00 2.683052e-04 1.251856e-05 2.497873e-03
4840 2.363281e+00 2.595855e-04 1.168441e-05 2.477126e-03
4850 2.368164e+00 2.545730e-04 1.092453e-05 2.438014e-03
4860 2.373047e+00 2.530123e-04 1.027533e-05 2.381430e-03
4870 2.377930e+00 2.544140e-04 9.772156e-06 2.308502e-03
4880 2.382813e+00 2.581326e-04 9.443854e-06 2.220569e-03
4890 2.387695e+00 2.634601e-04 9.306271e-06 2.119169e-03
4900 2.392578e+00 2.697056e-04 9.357405e-06 2.006031e-03
4910 2.397461e+00 2.762475e-04 9.577213e-06 1.883076e-03
4920 2.402344e+00 2.825586e-04 9.932423e-06 1.752435e-03
4930 2.407227e+00 2.882131e-04 1.038367e-05 1.616479e-03
4940 2.412109e+00 2.928811e-04 1.089170e-05 1.477875e-03
4950 2.416992e+00 2.963197e-04 1.142114e-05 1.339682e-03
4960 2.421875e+00 2.983620e-04 1.194202e-05 1.205485e-03
4970 2.426758e+00 2.989068e-04 1.242989e-05 1.079577e-03
4980 2.431641e+00 2.979099e-04 1.286534e-05 9.671157e-04
4990 2.436523e+00 2.953763e-04 1.323328e-05 8.741005e-04
5000 2.441406e+00 2.913537e-04 1.352231e-05 8.067656e-04
5010 2.446289e+00 2.859275e-04 1.372416e-05 7.700077e-04
5020 2.451172e+00 2.792163e-04 1.383326e-05 7.652045e-04
5030 2.456055e+00 2.713685e-04 1.384641e-05 7.890689e-04
5040 2.460938e+00 2.625584e-04 1.376246e-05 8.348169e-04
5050 2.465820e+00 2.529843e-04 1.358218e-05 8.946190e-04
5060 2.470703e+00 2.428653e-04 1.330805e-05 9.614583e-04
5070 2.475586e+00 2.324383e-04 1.294417e-05 1.029811e-03
5080 2.480469e+00 2.219550e-04 1.249614e-05 1.095597e-03
5090 2.485352e+00 2.116761e-04 1.197107e-05 1.155885e-03
5100 2.490234e+00 2.018653e-04 1.137757e-05 1.208606e-03
5110 2.495117e+00 1.927787e-04 1.072581e-05 1.252327e-03
5120 2.500000e+00 1.846519e-04 1.002770e-05 1.286091e-03
5130 2.504883e+00 1.776829e-04 9.297174e-06 1.309309e-03
5140 2.509766e+00 1.720144e-04 8.550685e-06 1.321688e-03
5150 2.514648e+00 1.677168e-04 7.807891e-06 1.323174e-03
5160 2.519531e+00 1.647783e-04 7.092598e-06 1.313916e-03
5170 2.524414e+00 1.631040e-04 6.433741e-06 1.294242e-03
5180 2.529297e+00 1.625272e-04 5.865749e-06 1.264631e-03
5190 2.534180e+00 1.628285e-04 5.426690e-06 1.225701e-03
5200 2.539063e+00 1.637593e-04 5.151982e-06 1.178198e-03
5210 2.543945e+00 1.650650e-04 5.063332e-06 1.122983e-03
5220 2.548828e+00 1.665027e-04 5.158520e-06 1.061033e-03
5230 2.553711e+00 1.678540e-04 5.410848e-06 9.934386e-04
5240 2.558594e+00 1.689322e-04 5.779313e-06 9.214182e-04
5250 2.563477e+00 1.695851e-04 6.220955e-06 8.463372e-04
5260 2.568359e+00 1.696960e-04 6.698320e-06 7.697494e-04
5270 2.573242e+00 1.691815e-04 7.181646e-06 6.934629e-04
5280 2.578125e+00 1.679901e-04 7.648256e-06 6.196415e-04
5290 2.583008e+00 1.660993e-04 8.081164e-06 5.509382e-04
5300 2.587891e+00 1.635137e-04 8.467727e-06 4.906219e-04
5310 2.592773e+00 1.602621e-04 8.798623e-06 4.425406e-04
5320 2.597656e+00 1.563960e-04 9.067104e-06 4.105961e-04
5330 2.602539e+00 1.519876e-04 9.268487e-06 3.974582e-04
5340 2.607422e+00 1.471281e-04 9.399790e-06 4.030630e-04
5350 2.612305e+00 1.419261e-04 9.459482e-06 4.243294e-04
5360 2.617188e+00 1.365062e-04 9.447296e-06 4.565247e-04
5370 2.622070e+00 1.310064e-04 9.364095e-06 4.949305e-04
5380 2.626953e+00 1.255755e-04 9.211767e-06 5.357029e-04
5390 2.631836e+00 1.203690e-04 8.993140e-06 5.759952e-04
5400 2.636719e+00 1.155429e-04 8.711929e-06 6.137795e-04
5410 2.641602e+00 1.112453e-04 8.372683e-06 6.476322e-04
5420 2.646484e+00 1.076060e-04 7.980773e-06 6.765632e-04
5430 2.651367e+00 1.047238e-04 7.542399e-06 6.998989e-04
5440 2.656250e+00 1.026558e-04 7.064634e-06 7.172026e-04
5450 2.661133e+00 1.014087e-04 6.555547e-06 7.282233e-04
5460 2.666016e+00 1.009372e-04 6.024406e-06 7.328598e-04
5470 2.670898e+00 1.011491e-04 5.482041e-06 7.311361e-04
5480 2.675781e+00 1.019160e-04 4.941419e-06 7.231843e-04
5490 2.680664e+00 1.030876e-04 4.418530e-06 7.092310e-04
5500 2.685547e+00 1.045059e-04 3.933554e-06 6.895875e-04
5510 2.690430e+00 1.060163e-04 3.511965e-06 6.646423e-04
5520 2.695313e+00 1.074766e-04 3.184187e-06 6.348555e-04
5530 2.700195e+00 1.087615e-04 2.980921e-06 6.007570e-04
5540 2.705078e+00 1.097651e-04 2.922154e-06 5.629460e-04
5550 2.709961e+00 1.104018e-04 3.005466e-06 5.220974e-04
5560 2.714844e+00 1.106059e-04 3.205579e-06 4.789736e-04
5570 2.719727e+00 1.103307e-04 3.486339e-06 4.344500e-04
5580 2.724609e+00 1.095468e-04 3.813111e-06 3.895576e-04
5590 2.729492e+00 1.082418e-04 4.158277e-06 3.455550e-04
5600 2.734375e+00 1.064186e-04 4.501503e-06 3.040387e-04
5610 2.739258e+00 1.040944e-04 4.828208e-06 2.670825e-04
5620 2.744141e+00 1.013002e-04 5.127968e-06 2.373173e-04
5630 2.749023e+00 9.807988e-05 5.393312e-06 2.176744e-04
5640 2.753906e+00 9.449007e-05 5.618916e-06 2.104108e-04
5650 2.758789e+00 9.059974e-05 5.801069e-06 2.157192e-04
5660 2.763672e+00 8.649024e-05 5.937325e-06 2.313747e-04
5670 2.768555e+00 8.225531e-05 6.026272e-06 2.539590e-04
5680 2.773438e+00 7.800099e-05 6.067371e-06 2.802470e-04
5690 2.778320e+00 7.384500e-05 6.060842e-06 3.077705e-04
5700 2.783203e+00 6.991493e-05 6.007581e-06 3.347913e-04
5710 2.788086e+00 6.634430e-05 5.909091e-06 3.601118e-04
5720 2.792969e+00 6.326518e-05 5.767435e-06 3.829058e-04
5730 2.797852e+00 6.079683e-05 5.585191e-06 4.026014e-04
5740 2.802734e+00 5.903075e-05 5.365427e-06 4.188065e-04
5750 2.807617e+00 5.801540e-05 5.111676e-06 4.312630e-04
5760 2.812500e+00 5.774560e-05 4.827941e-06 4.398168e-04
5770 2.817383e+00 5.816146e-05 4.518713e-06 4.443990e-04
5780 2.822266e+00 5.915782e-05 4.189026e-06 4.450124e-04
5790 2.827148e+00 6.060077e-05 3.844570e-06 4.417228e-04
5800 2.832031e+00 6.234531e-05 3.491886e-06 4.346516e-04
5810 2.836914e+00 6.424970e-05 3.138701e-06 4.239709e-04
5820 2.841797e+00 6.618459e-05 2.794453e-06 4.098995e-04
5830 2.846680e+00 6.803769e-05 2.471071e-06 3.927002e-04
5840 2.851563e+00 6.971501e-05 2.183893e-06 3.726781e-04
5850 2.856445e+00 7.114044e-05 1.952074e-06 3.501810e-04
5860 2.861328e+00 7.225434e-05 1.796662e-06 3.256025e-04
5870 2.866211e+00 7.301197e-05 1.734004e-06 2.993890e-04
5880 2.871094e+00 7.338190e-05 1.766458e-06 2.720534e-04
5890 2.875977e+00 7.334463e-05 1.879404e-06 2.442007e-04
5900 2.880859e+00 7.289138e-05 2.048728e-06 2.165714e-04
5910 2.885742e+00 7.202316e-05 2.250511e-06 1.901120e-04
5920 2.890625e+00 7.074991e-05 2.465728e-06 1.660778e-04
5930 2.895508e+00 6.908993e-05 2.680622e-06 1.461308e-04
5940 2.900391e+00 6.706940e-05 2.885544e-06 1.322755e-04
5950 2.905273e+00 6.472210e-05 3.073746e-06 1.263108e-04
5960 2.910156e+00 6.208931e-05 3.240496e-06 1.287895e-04
5970 2.915039e+00 5.921984e-05 3.382483e-06 1.384869e-04
5980 2.919922e+00 5.617041e-05 3.497452e-06 1.531420e-04
5990 2.924805e+00 5.300609e-05 3.583956e-06 1.705358e-04
6000 2.929688e+00 4.980105e-05 3.641198e-06 1.889708e-04
6010 2.934570e+00 4.663924e-05 3.668927e-06 2.072655e-04
6020 2.939453e+00 4.361460e-05 3.667361e-06 2.246154e-04
6030 2.944336e+00 4.083017e-05 3.637127e-06 2.404673e-04
6040 2.949219e+00 3.839438e-05 3.579224e-06 2.544368e-04
6050 2.954102e+00 3.641316e-05 3.494985e-06 2.662563e-04
6060 2.958984e+00 3.497665e-05 3.386052e-06 2.757439e-04
6070 2.963867e+00 3.414236e-05 3.254352e-06 2.827834e-04
6080 2.968750e+00 3.392041e-05 3.102091e-06 2.873124e-04
6090 2.973633e+00 3.426835e-05 2.931740e-06 2.893141e-04
6100 2.978516e+00 3.509928e-05 2.746054e-06 2.888110e-04
6110 2.983398e+00 3.629934e-05 2.548093e-06 2.858614e-04
6120 2.988281e+00 3.774662e-05 2.341284e-06 2.805556e-04
6130 2.993164e+00 3.932529e-05 2.129526e-06 2.730141e-04
6140 2.998047e+00 4.093341e-05 1.917367e-06 2.633853e-04
6150 3.002930e+00 4.248554e-05 1.710284e-06 2.518447e-04
6160 3.007813e+00 4.391253e-05 1.515096e-06 2.385942e-04
6170 3.012695e+00 4.515989e-05 1.340452e-06 2.238636e-04
6180 3.017578e+00 4.618587e-05 1.197076e-06 2.079130e-04
6190 3.022461e+00 4.695966e-05 1.096866e-06 1.910390e-04
6200 3.027344e+00 4.745983e-05 1.049579e-06 1.735847e-04
6210 3.032227e+00 4.767305e-05 1.057728e-06 1.559584e-04
6220 3.037109e+00 4.759315e-05 1.114179e-06 1.386633e-04
6230 3.041992e+00 4.722026e-05 1.205559e-06 1.223428e-04
6240 3.046875e+00 4.656023e-05 1.317799e-06 1.078363e-04
6250 3.051758e+00 4.562414e-05 1.439325e-06 9.620973e-05
6260 3.056641e+00 4.442790e-05 1.561620e-06 8.864641e-05
6270 3.061523e+00 4.299206e-05 1.678680e-06 8.605260e-05
6280 3.066406e+00 4.134158e-05 1.786309e-06 8.850995e-05
6290 3.071289e+00 3.950589e-05 1.881585e-06 9.514590e-05
6300 3.076172e+00 3.751892e-05 1.962483e-06 1.046164e-04
6310 3.081055e+00 3.541946e-05 2.027643e-06 1.156474e-04
6320 3.085938e+00 3.325157e-05 2.076208e-06 1.272566e-04
6330 3.090820e+00 3.106525e-05 2.107729e-06 1.387463e-04
6340 3.095703e+00 2.891713e-05 2.122087e-06 1.496307e-04
6350 3.100586e+00 2.687096e-05 2.119453e-06 1.595703e-04
6360 3.105469e+00 2.499726e-05 2.100244e-06 1.683258e-04
6370 3.110352e+00 2.337101e-05 2.065101e-06 1.757295e-04
6380 3.115234e+00 2.206590e-05 2.014862e-06 1.816664e-04
6390 3.120117e+00 2.114412e-05 1.950553e-06 1.860626e-04
6400 3.125000e+00 2.064313e-05 1.873368e-06 1.888783e-04
6410 3.129883e+00 2.056444e-05 1.784667e-06 1.901022e-04
6420 3.134766e+00 2.087082e-05 1.685971e-06 1.897481e-04
6430 3.139648e+00 2.149445e-05 1.578970e-06 1.878522e-04
6440 3.144531e+00 2.235155e-05 1.465545e-06 1.844711e-04
6450 3.149414e+00 2.335649e-05 1.347799e-06 1.796803e-04
6460 3.154297e+00 2.443116e-05 1.228127e-06 1.735731e-04
6470 3.159180e+00 2.550912e-05 1.109313e-06 1.662597e-04
6480 3.164063e+00 2.653633e-05 9.946831e-07 1.578670e-04
6490 3.168945e+00 2.747013e-05 8.882886e-07 1.485392e-04
6500 3.173828e+00 2.827775e-05 7.950697e-07 1.384394e-04
6510 3.178711e+00 2.893466e-05 7.207566e-07 1.277524e-04
6520 3.183594e+00 2.942329e-05 6.710757e-07 1.166910e-04
6530 3.188477e+00 2.973195e-05 6.499374e-07 1.055050e-04
6540 3.193359e+00 2.985393e-05 6.573643e-07 9.449710e-05
6550 3.198242e+00 2.978691e-05 6.890458e-07 8.404507e-05
6560 3.203125e+00 2.953240e-05 7.381408e-07 7.462886e-05
6570 3.208008e+00 2.909534e-05 7.976260e-07 6.684567e-05
6580 3.212891e+00 2.848383e-05 8.616292e-07 6.136495e-05
6590 3.217773e+00 2.770885e-05 9.257092e-07 5.875377e-05
6600 3.222656e+00 2.678411e-05 9.866519e-07 5.919718e-05
6610 3.227539e+00 2.572596e-05 1.042172e-06 6.234919e-05
6620 3.232422e+00 2.455334e-05 1.090660e-06 6.749918e-05
6630 3.237305e+00 2.328789e-05 1.131005e-06 7.387440e-05
6640 3.242188e+00 2.195405e-05 1.162468e-06 8.082599e-05
6650 3.247070e+00 2.057940e-05 1.184603e-06 8.786935e-05
6660 3.251953e+00 1.919503e-05 1.197198e-06 9.465799e-05
6670 3.256836e+00 1.783597e-05 1.200236e-06 1.009465e-04
6680 3.261719e+00 1.654155e-05 1.193868e-06 1.065610e-04
6690 3.266602e+00 1.535518e-05 1.178391e-06 1.113783e-04
6700 3.271484e+00 1.432308e-05 1.154234e-06 1.153130e-04
6710 3.276367e+00 1.349074e-05 1.121943e-06 1.183085e-04
6720 3.281250e+00 1.289669e-05 1.082175e-06 1.203318e-04
6730 3.286133e+00 1.256423e-05 1.035690e-06 1.213691e-04
6740 3.291016e+00 1.249430e-05 9.833513e-07 1.214233e-04
6750 3.295898e+00 1.266355e-05 9.261248e-07 1.205122e-04
6760 3.300781e+00 1.302948e-05 8.650903e-07 1.186669e-04
6770 3.305664e+00 1.353964e-05 8.014575e-07 1.159307e-04
6780 3.310547e+00 1.414062e-05 7.365946e-07 1.123579e-04
6790 3.315430e+00 1.478390e-05 6.720720e-07 1.080137e-04
6800 3.320313e+00 1.542846e-05 6.097205e-07 1.029735e-04
6810 3.325195e+00 1.604116e-05 5.516943e-07 9.732295e-05
6820 3.330078e+00 1.659603e-05 5.005023e-07 9.115861e-05
6830 3.334961e+00 1.707330e-05 4.589162e-07 8.458929e-05
6840 3.339844e+00 1.745835e-05 4.296129e-07 7.773851e-05
6850 3.344727e+00 1.774087e-05 4.144719e-07 7.074890e-05
6860 3.349609e+00 1.791416e-05 4.137790e-07 6.378923e-05
6870 3.354492e+00 1.797460e-05 4.259344e-07 5.706492e-05
6880 3.359375e+00 1.792122e-05 4.479808e-07 5.083186e-05
6890 3.364258e+00 1.775538e-05 4.765302e-07 4.540874e-05
6900 3.369141e+00 1.748054e-05 5.084762e-07 4.117132e-05
6910 3.374023e+00 1.710200e-05 5.412913e-07 3.849477e-05
6920 3.378906e+00 1.662682e-05 5.730450e-07 3.762194e-05
6930 3.383789e+00 1.606366e-05 6.023090e-07 3.852308e-05
6940 3.388672e+00 1.542273e-05 6.280485e-07 4.088762e-05
6950 3.393555e+00 1.471578e-05 6.495294e-07 4.426609e-05
6960 3.398438e+00 1.395609e-05 6.662504e-07 4.822277e-05
6970 3.403320e+00 1.315860e-05 6.778939e-07 5.240708e-05
6980 3.408203e+00 1.234002e-05 6.842910e-07 5.655980e-05
6990 3.413086e+00 1.151902e-05 6.853969e-07 6.049506e-05
7000 3.417969e+00 1.071643e-05 6.812728e-07 6.408067e-05
7010 3.422852e+00 9.955340e-06 6.720727e-07 6.722285e-05
7020 3.427734e+00 9.260860e-06 6.580333e-07 6.985583e-05
7030 3.432617e+00 8.659147e-06 6.394665e-07 7.193493e-05
7040 3.437500e+00 8.175294e-06 6.167542e-07 7.343205e-05
7050 3.442383e+00 7.829776e-06 5.903453e-07 7.433253e-05
7060 3.447266e+00 7.634067e-06 5.607547e-07 7.463309e-05
7070 3.452148e+00 7.587116e-06 5.285661e-07 7.434025e-05
7080 3.457031e+00 7.674732e-06 4.944378e-07 7.346924e-05
7090 3.461914e+00 7.872505e-06 4.591136e-07 7.204310e-05
7100 3.466797e+00 8.150779e-06 4.234402e-07 7.009202e-05
7110 3.471680e+00 8.479423e-06 3.883889e-07 6.765282e-05
7120 3.476563e+00 8.830993e-06 3.550811e-07 6.476863e-05
7130 3.481445e+00 9.182191e-06 3.248008e-07 6.148867e-05
7140 3.486328e+00 9.514130e-06 2.989679e-07 5.786844e-05
7150 3.491211e+00 9.812010e-06 2.790178e-07 5.397012e-05
7160 3.496094e+00 1.006458e-05 2.661452e-07 4.986365e-05
7170 3.500977e+00 1.026358e-05 2.609476e-07 4.562860e-05
7180 3.505859e+00 1.040328e-05 2.631563e-07 4.135730e-05
7190 3.510742e+00 1.048006e-05 2.716678e-07 3.715972e-05
7200 3.515625e+00 1.049213e-05 2.848741e-07 3.317047e-05
7210 3.520508e+00 1.043925e-05 3.010624e-07 2.955691e-05
7220 3.525391e+00 1.032257e-05 3.186877e-07 2.652338e-05
7230 3.530273e+00 1.014447e-05 3.364814e-07 2.429767e-05
7240 3.535156e+00 9.908429e-06 3.534553e-07 2.307936e-05
7250 3.540039e+00 9.618948e-06 3.688629e-07 2.295259e-05
7260 3.544922e+00 9.281484e-06 3.821538e-07 2.382681e-05
7270 3.549805e+00 8.902409e-06 3.929326e-07 2.547221e-05
7280 3.554688e+00 8.488992e-06 4.009282e-07 2.761577e-05
7290 3.559570e+00 8.049413e-06 4.059700e-07 3.001465e-05
7300 3.564453e+00 7.592803e-06 4.079713e-07 3.248088e-05
7310 3.569336e+00 7.129296e-06 4.069164e-07 3.487755e-05
7320 3.574219e+00 6.670098e-06 4.028513e-07 3.710700e-05
7330 3.579102e+00 6.227503e-06 3.958771e-07 3.910003e-05
7340 3.583984e+00 5.814790e-06 3.861442e-07 4.080792e-05
7350 3.588867e+00 5.445848e-06 3.738490e-07 4.219712e-05
7360 3.593750e+00 5.134349e-06 3.592315e-07 4.324567e-05
7370 3.598633e+00 4.892307e-06 3.425740e-07 4.394081e-05
7380 3.603516e+00 4.728130e-06 3.242022e-07 4.427737e-05
7390 3.608398e+00 4.644691e-06 3.044878e-07 4.425663e-05
7400 3.613281e+00 4.638271e-06 2.838548e-07 4.388549e-05
7410 3.618164e+00 4.699046e-06 2.627878e-07 4.317581e-05
7420 3.623047e+00 4.812963e-06 2.418453e-07 4.214396e-05
7430 3.627930e+00 4.964166e-06 2.216746e-07 4.081045e-05
7440 3.632813e+00 5.137066e-06 2.030231e-07 3.919959e-05
7450 3.637695e+00 5.317655e-06 1.867326e-07 3.733940e-05
7460 3.642578e+00 5.494078e-06 1.736880e-07 3.526152e-05
7470 3.647461e+00 5.656728e-06 1.646904e-07 3.300141e-05
7480 3.652344e+00 5.798085e-06 1.602538e-07 3.059876e-05
7490 3.657227e+00 5.912470e-06 1.604090e-07 2.809833e-05
7500 3.662109e+00 5.995783e-06 1.646544e-07 2.555147e-05
7510 3.666992e+00 6.045280e-06 1.721034e-07 2.301852e-05
7520 3.671875e+00 6.059373e-06 1.817266e-07 2.057241e-05
7530 3.676758e+00 6.037480e-06 1.925469e-07 1.830348e-05
7540 3.681641e+00 5.979896e-06 2.037367e-07 1.632379e-05
7550 3.686523e+00 5.887699e-06 2.146376e-07 1.476544e-05
7560 3.691406e+00 5.762663e-06 2.247440e-07 1.376102e-05
7570 3.696289e+00 5.607205e-06 2.336767e-07 1.339790e-05
7580 3.701172e+00 5.424334e-06 2.411571e-07 1.366787e-05
7590 3.706055e+00 5.217621e-06 2.469875e-07 1.446197e-05
7600 3.710938e+00 4.991181e-06 2.510349e-07 1.561964e-05
7610 3.715820e+00 4.749668e-06 2.532207e-07 1.698402e-05
7620 3.720703e+00 4.498281e-06 2.535117e-07 1.842853e-05
7630 3.725586e+00 4.242774e-06 2.519143e-07 1.985967e-05
7640 3.730469e+00 3.989462e-06 2.484698e-07 2.121069e-05
7650 3.735352e+00 3.745191e-06 2.432508e-07 2.243443e-05
7660 3.740234e+00 3.517238e-06 2.363590e-07 2.349773e-05
7670 3.745117e+00 3.313062e-06 2.279233e-07 2.437765e-05
7680 3.750000e+00 3.139835e-06 2.180983e-07 2.505893e-05
7690 3.754883e+00 3.003718e-06 2.070652e-07 2.553229e-05
7700 3.759766e+00 2.908939e-06 1.950324e-07 2.579333e-05
7710 3.764648e+00 2.856924e-06 1.822385e-07 2.584170e-05
7720 3.769531e+00 2.845839e-06 1.689569e-07 2.568060e-05
7730 3.774414e+00 2.870804e-06 1.555044e-07 2.531629e-05
7740 3.779297e+00 2.924734e-06 1.422510e-07 2.475782e-05
7750 3.784180e+00 2.999457e-06 1.296332e-07 2.401677e-05
7760 3.789063e+00 3.086737e-06 1.181638e-07 2.310704e-05
7770 3.793945e+00 3.178987e-06 1.084252e-07 2.204473e-05
7780 3.798828e+00 3.269631e-06 1.010224e-07 2.084815e-05
7790 3.803711e+00 3.353231e-06 9.646897e-08 1.953779e-05
7800 3.808594e+00 3.425452e-06 9.502323e-08 1.813663e-05
7810 3.813477e+00 3.482970e-06 9.656376e-08 1.667052e-05
7820 3.818359e+00 3.523351e-06 1.006124e-07 1.516900e-05
7830 3.823242e+00 3.544939e-06 1.064927e-07 1.366668e-05
7840 3.828125e+00 3.546758e-06 1.135065e-07 1.220531e-05
7850 3.833008e+00 3.528424e-06 1.210413e-07 1.083667e-05
7860 3.837891e+00 3.490082e-06 1.286052e-07 9.625750e-06
7870 3.842773e+00 3.432345e-06 1.358201e-07 8.651140e-06
7880 3.847656e+00 3.356252e-06 1.424022e-07 7.995917e-06
7890 3.852539e+00 3.263232e-06 1.481422e-07 7.721598e-06
7900 3.857422e+00 3.155082e-06 1.528880e-07 7.834286e-06
7910 3.862305e+00 3.033942e-06 1.565338e-07 8.274908e-06
7920 3.867188e+00 2.902293e-06 1.590103e-07 8.946994e-06
7930 3.872070e+00 2.762946e-06 1.602789e-07 9.753167e-06
7940 3.876953e+00 2.619048e-06 1.603274e-07 1.061423e-05
7950 3.881836e+00 2.474079e-06 1.591661e-07 1.147181e-05
7960 3.886719e+00 2.331839e-06 1.568257e-07 1.228446e-05
7970 3.891602e+00 2.196406e-06 1.533551e-07 1.302307e-05
7980 3.896484e+00 2.072035e-06 1.488203e-07 1.366723e-05
7990 3.901367e+00 1.962956e-06 1.433031e-07 1.420285e-05
8000 3.906250e+00 1.873040e-06 1.369009e-07 1.462051e-05
8010 3.911133e+00 1.805348e-06 1.297265e-07 1.491444e-05
8020 3.916016e+00 1.761625e-06 1.219089e-07 1.508182e-05
8030 3.920898e+00 1.741912e-06 1.135956e-07 1.512227e-05
8040 3.925781e+00 1.744460e-06 1.049553e-07 1.503754e-05
8050 3.930664e+00 1.765988e-06 9.618371e-08 1.483123e-05
8060 3.935547e+00 1.802223e-06 8.751141e-08 1.450861e-05
8070 3.940430e+00 1.848496e-06 7.921443e-08 1.407647e-05
8080 3.945313e+00 1.900240e-06 7.162483e-08 1.354300e-05
8090 3.950195e+00 1.953314e-06 6.513304e-08 1.291772e-05
8100 3.955078e+00 2.004161e-06 6.016315e-08 1.221147e-05
8110 3.959961e+00 2.049852e-06 5.709586e-08 1.143642e-05
8120 3.964844e+00 2.088058e-06 5.614044e-08 1.060622e-05
8130 3.969727e+00 2.117005e-06 5.722706e-08 9.736282e-06
8140 3.974609e+00 2.135405e-06 6.001733e-08 8.844294e-06
8150 3.979492e+00 2.142406e-06 6.403032e-08 7.951056e-06
8160 3.984375e+00 2.137537e-06 6.878045e-08 7.081850e-06
8170 3.989258e+00 2.120664e-06 7.385421e-08 6.268375e-06
8180 3.994141e+00 2.091956e-06 7.892870e-08 5.550883e-06
8190 3.999023e+00 2.051856e-06 8.376173e-08 4.978619e-06
8200 4.003906e+00 2.001061e-06 8.817487e-08 4.603788e-06
8210 4.008789e+00 1.940497e-06 9.203807e-08 4.464020e-06
8220 4.013672e+00 1.871317e-06 9.525809e-08 4.560235e-06
8230 4.018555e+00 1.794884e-06 9.777024e-08 4.852191e-06
8240 4.023438e+00 1.712777e-06 9.953259e-08 5.278470e-06
8250 4.028320e+00 1.626785e-06 1.005220e-07 5.779589e-06
8260 4.033203e+00 1.538915e-06 1.007313e-07 6.308540e-06
8270 4.038086e+00 1.451389e-06 1.001669e-07 6.831316e-06
8280 4.042969e+00 1.366637e-06 9.884793e-08 7.324028e-06
8290 4.047852e+00 1.287256e-06 9.680418e-08 7.769980e-06
8300 4.052734e+00 1.215924e-06 9.407583e-08 8.157520e-06
8310 4.057617e+00 1.155239e-06 9.071254e-08 8.478608e-06
8320 4.062500e+00 1.107463e-06 8.677312e-08 8.727905e-06
8330 4.067383e+00 1.074203e-06 8.232543e-08 8.902170e-06
8340 4.072266e+00 1.056098e-06 7.744672e-08 8.999870e-06
8350 4.077148e+00 1.052643e-06 7.222451e-08 9.020904e-06
8360 4.082031e+00 1.062244e-06 6.675841e-08 8.966415e-06
8370 4.086914e+00 1.082481e-06 6.116305e-08 8.838643e-06
8380 4.091797e+00 1.110495e-06 5.557281e-08 8.640818e-06
8390 4.096680e+00 1.143355e-06 5.014854e-08 8.377074e-06
8400 4.101563e+00 1.178313e-06 4.508592e-08 8.052387e-06
8410 4.106445e+00 1.212952e-06 4.062214e-08 7.672539e-06
8420 4.111328e+00 1.245243e-06 3.703103e-08 7.244105e-06
8430 4.116211e+00 1.273544e-06 3.458814e-08 6.774489e-06
8440 4.121094e+00 1.296571e-06 3.349179e-08 6.272013e-06
8450 4.125977e+00 1.313360e-06 3.376946e-08 5.746112e-06
8460 4.130859e+00 1.323230e-06 3.524773e-08 5.207677e-06
8470 4.135742e+00 1.325752e-06 3.762169e-08 4.669629e-06
8480 4.140625e+00 1.320711e-06 4.056027e-08 4.147840e-06
8490 4.145508e+00 1.308093e-06 4.377486e-08 3.662442e-06
8500 4.150391e+00 1.288056e-06 4.703997e-08 3.239234e-06
8510 4.155273e+00 1.260922e-06 5.018797e-08 2.909743e-06
8520 4.160156e+00 1.227160e-06 5.309669e-08 2.706521e-06
8530 4.165039e+00 1.187378e-06 5.567791e-08 2.650697e-06
8540 4.169922e+00 1.142320e-06 5.786860e-08 2.738299e-06
8550 4.174805e+00 1.092862e-06 5.962494e-08 2.940420e-06
8560 4.179688e+00 1.040011e-06 6.091807e-08 3.217899e-06
8570 4.184570e+00 9.849139e-07 6.173134e-08 3.535014e-06
8580 4.189453e+00 9.288564e-07 6.205824e-08 3.864459e-06
8590 4.194336e+00 8.732725e-07 6.190104e-08 4.186804e-06
8600 4.199219e+00 8.197398e-07 6.126969e-08 4.488497e-06
8610 4.204102e+00 7.699570e-07 6.018103e-08 4.760081e-06
8620 4.208984e+00 7.256868e-07 5.865819e-08 4.994958e-06
8630 4.213867e+00 6.886388e-07 5.673013e-08 5.188579e-06
8640 4.218750e+00 6.602861e-07 5.443131e-08 5.337940e-06
8650 4.223633e+00 6.416296e-07 5.180154e-08 5.441242e-06
8660 4.228516e+00 6.329803e-07 4.888607e-08 5.497682e-06
8670 4.233398e+00 6.338525e-07 4.573594e-08 5.507293e-06
8680 4.238281e+00 6.430350e-07 4.240879e-08 5.470844e-06
8690 4.243164e+00 6.588111e-07 3.897027e-08 5.389756e-06
8700 4.248047e+00 6.792383e-07 3.549644e-08 5.266041e-06
8710 4.252930e+00 7.023882e-07 3.207729e-08 5.102255e-06
8720 4.257813e+00 7.265041e-07 2.882163e-08 4.901465e-06
8730 4.262695e+00 7.500745e-07 2.586242e-08 4.667227e-06
8740 4.267578e+00 7.718532e-07 2.335866e-08 4.403584e-06
8750 4.272461e+00 7.908459e-07 2.148484e-08 4.115092e-06
8760 4.277344e+00 8.062849e-07 2.039495e-08 3.806883e-06
8770 4.282227e+00 8.176019e-07 2.016277e-08 3.484792e-06
8780 4.287109e+00 8.244011e-07 2.073683e-08 3.155580e-06
8790 4.291992e+00 8.264382e-07 2.195630e-08 2.827310e-06
8800 4.296875e+00 8.236010e-07 2.361465e-08 2.509940e-06
8810 4.301758e+00 8.158951e-07 2.551728e-08 2.216155e-06
8820 4.306641e+00 8.034323e-07 2.750687e-08 1.962212e-06
8830 4.311523e+00 7.864204e-07 2.946521e-08 1.767812e-06
8840 4.316406e+00 7.651571e-07 3.130611e-08 1.652757e-06
8850 4.321289e+00 7.400241e-07 3.296745e-08 1.628862e-06
8860 4.326172e+00 7.114842e-07 3.440493e-08 1.691979e-06
8870 4.331055e+00 6.800805e-07 3.558746e-08 1.823248e-06
8880 4.335938e+00 6.464372e-07 3.649421e-08 1.998548e-06
8890 4.340820e+00 6.112632e-07 3.711243e-08 2.196422e-06
8900 4.345703e+00 5.753575e-07 3.743607e-08 2.400646e-06
8910 4.350586e+00 5.396143e-07 3.746472e-08 2.599714e-06
8920 4.355469e+00 5.050255e-07 3.720290e-08 2.785593e-06
8930 4.360352e+00 4.726737e-07 3.665952e-08 2.952666e-06
8940 4.365234e+00 4.437027e-07 3.584738e-08 3.097005e-06
8950 4.370117e+00 4.192508e-07 3.478294e-08 3.215895e-06
8960 4.375000e+00 4.003350e-07 3.348602e-08 3.307542e-06
8970 4.379883e+00 3.876893e-07 3.197970e-08 3.370876e-06
8980 4.384766e+00 3.816030e-07 3.029026e-08 3.405422e-06
8990 4.389648e+00 3.818270e-07 2.844734e-08 3.411212e-06
9000 4.394531e+00 3.876039e-07 2.648429e-08 3.388724e-06
9010 4.399414e+00 3.978156e-07 2.443883e-08 3.338831e-06
9020 4.404297e+00 4.111801e-07 2.235418e-08 3.262769e-06
9030 4.409180e+00 4.264218e-07 2.028082e-08 3.162102e-06
9040 4.414063e+00 4.423832e-07 1.827901e-08 3.038709e-06
9050 4.418945e+00 4.580739e-07 1.642174e-08 2.894770e-06
9060 4.423828e+00 4.726826e-07 1.479686e-08 2.732761e-06
9070 4.428711e+00 4.855652e-07 1.350442e-08 2.555477e-06
9080 4.433594e+00 4.962261e-07 1.264240e-08 2.366063e-06
9090 4.438477e+00 5.042985e-07 1.227674e-08 2.168096e-06
9100 4.443359e+00 5.095262e-07 1.240871e-08 1.965716e-06
9110 4.448242e+00 5.117487e-07 1.296781e-08 1.763854e-06
9120 4.453125e+00 5.108883e-07 1.383982e-08 1.568579e-06
9130 4.458008e+00 5.069412e-07 1.490447e-08 1.387585e-06
9140 4.462891e+00 4.999688e-07 1.605854e-08 1.230683e-06
9150 4.467773e+00 4.900922e-07 1.722203e-08 1.109722e-06
9160 4.472656e+00 4.774873e-07 1.833583e-08 1.036663e-06
9170 4.477539e+00 4.623812e-07 1.935705e-08 1.018892e-06
9180 4.482422e+00 4.450500e-07 2.025495e-08 1.054430e-06
9190 4.487305e+00 4.258181e-07 2.100782e-08 1.132333e-06
9200 4.492188e+00 4.050586e-07 2.160081e-08 1.238116e-06
9210 4.497070e+00 3.831948e-07 2.202447e-08 1.358613e-06
9220 4.501953e+00 3.607039e-07 2.227374e-08 1.483729e-06
9230 4.506836e+00 3.381211e-07 2.234723e-08 1.606242e-06
9240 4.511719e+00 3.160430e-07 2.224668e-08 1.721085e-06
9250 4.516602e+00 2.951268e-07 2.197663e-08 1.824702e-06
9260 4.521484e+00 2.760795e-07 2.154406e-08 1.914598e-06
9270 4.526367e+00 2.596272e-07 2.095826e-08 1.989042e-06
9280 4.531250e+00 2.464521e-07 2.023059e-08 2.046880e-06
9290 4.536133e+00 2.370991e-07 1.937440e-08 2.087413e-06
9300 4.541016e+00 2.318630e-07 1.840504e-08 2.110312e-06
9310 4.545898e+00 2.307062e-07 1.733981e-08 2.115566e-06
9320 4.550781e+00 2.332472e-07 1.619821e-08 2.103440e-06
9330 4.555664e+00 2.388350e-07 1.500225e-08 2.074444e-06
9340 4.560547e+00 2.466732e-07 1.377700e-08 2.029311e-06
9350 4.565430e+00 2.559421e-07 1.255151e-08 1.968981e-06
9360 4.570313e+00 2.658821e-07 1.136007e-08 1.894585e-06
9370 4.575195e+00 2.758370e-07 1.024369e-08 1.807438e-06
9380 4.580078e+00 2.852658e-07 9.251371e-09 1.709038e-06
9390 4.584961e+00 2.937368e-07 8.439060e-09 1.601073e-06
9400 4.589844e+00 3.009170e-07 7.863332e-09 1.485442e-06
9410 4.594727e+00 3.065574e-07 7.566886e-09 1.364300e-06
9420 4.599609e+00 3.104811e-07 7.560278e-09 1.240125e-06
9430 4.604492e+00 3.125736e-07 7.813661e-09 1.115850e-06
9440 4.609375e+00 3.127733e-07 8.267447e-09 9.950531e-07
9450 4.614258e+00 3.110658e-07 8.852740e-09 8.822282e-07
9460 4.619141e+00 3.074780e-07 9.506884e-09 7.830773e-07
9470 4.624023e+00 3.020739e-07 1.017955e-08 7.045348e-07
9480 4.628906e+00 2.949519e-07 1.083271e-08 6.538595e-07
9490 4.633789e+00 2.862417e-07 1.143843e-08 6.361484e-07
9500 4.638672e+00 2.761030e-07 1.197650e-08 6.513437e-07
9510 4.643555e+00 2.647246e-07 1.243249e-08 6.937634e-07
9520 4.648438e+00 2.523240e-07 1.279643e-08 7.548979e-07
9530 4.653320e+00 2.391486e-07 1.306180e-08 8.265358e-07
9540 4.658203e+00 2.254768e-07 1.322487e-08 9.021736e-07
9550 4.663086e+00 2.116206e-07 1.328426e-08 9.770836e-07
9560 4.667969e+00 1.979280e-07 1.324056e-08 1.047925e-06
9570 4.672852e+00 1.847840e-07 1.309610e-08 1.112349e-06
9580 4.677734e+00 1.726065e-07 1.285477e-08 1.168702e-06
9590 4.682617e+00 1.618341e-07 1.252186e-08 1.215832e-06
9600 4.687500e+00 1.528958e-07 1.210398e-08 1.252963e-06
9610 4.692383e+00 1.461622e-07 1.160895e-08 1.279611e-06
9620 4.697266e+00 1.418794e-07 1.104581e-08 1.295531e-06
9630 4.702148e+00 1.401084e-07 1.042482e-08 1.300678e-06
9640 4.707031e+00 1.406982e-07 9.757591e-09 1.295181e-06
9650 4.711914e+00 1.433112e-07 9.057201e-09 1.279325e-06
9660 4.716797e+00 1.474899e-07 8.338572e-09 1.253531e-06
9670 4.721680e+00 1.527342e-07 7.618935e-09 1.218349e-06
9680 4.726563e+00 1.585641e-07 6.918514e-09 1.174449e-06
9690 4.731445e+00 1.645545e-07 6.261315e-09 1.122613e-06
9700 4.736328e+00 1.703490e-07 5.675671e-09 1.063732e-06
9710 4.741211e+00 1.756612e-07 5.193589e-09 9.988128e-07
9720 4.746094e+00 1.802662e-07 4.847186e-09 9.289856e-07
9730 4.750977e+00 1.839952e-07 4.660929e-09 8.555264e-07
9740 4.755859e+00 1.867251e-07 4.641838e-09 7.798960e-07
9750 4.760742e+00 1.883736e-07 4.774644e-09 7.038064e-07
9760 4.765625e+00 1.888926e-07 5.026814e-09 6.293238e-07
9770 4.770508e+00 1.882637e-07 5.359379e-09 5.590193e-07
9780 4.775391e+00 1.864953e-07 5.735884e-09 4.961416e-07
9790 4.780273e+00 1.836191e-07 6.126385e-09 4.446887e-07
9800 4.785156e+00 1.796878e-07 6.507873e-09 4.090440e-07
9810 4.790039e+00 1.747741e-07 6.863236e-09 3.927399e-07
9820 4.794922e+00 1.689689e-07 7.179970e-09 3.966306e-07
9830 4.799805e+00 1.623809e-07 7.449089e-09 4.180912e-07
9840 4.804688e+00 1.551358e-07 7.664310e-09 4.522696e-07
9850 4.809570e+00 1.473770e-07 7.821481e-09 4.940591e-07
9860 4.814453e+00 1.392659e-07 7.918167e-09 5.392339e-07
9870 4.819336e+00 1.309833e-07 7.953368e-09 5.846594e-07
9880 4.824219e+00 1.227305e-07 7.927306e-09 6.281047e-07
9890 4.829102e+00 1.147298e-07 7.841273e-09 6.679976e-07
9900 4.833984e+00 1.072234e-07 7.697514e-09 7.032310e-07
9910 4.838867e+00 1.004676e-07 7.499141e-09 7.330315e-07
9920 4.843750e+00 9.471843e-08 7.250068e-09 7.568722e-07
9930 4.848633e+00 9.020705e-08 6.954973e-09 7.744170e-07
9940 4.853516e+00 8.710413e-08 6.619277e-09 7.854830e-07
9950 4.858398e+00 8.548294e-08 6.249162e-09 7.900152e-07
9960 4.863281e+00 8.529614e-08 5.851631e-09 7.880686e-07
9970 4.868164e+00 8.638000e-08 5.434617e-09 7.797952e-07
9980 4.873047e+00 8.848568e-08 5.007182e-09 7.654334e-07
9990 4.877930e+00 9.132430e-08 4.579806e-09 7.453010e-07
10000 4.882813e+00 9.460643e-08 4.164788e-09 7.197886e-07
10010 4.887695e+00 9.806819e-08 3.776684e-09 6.893560e-07
10020 4.892578e+00 1.014842e-07 3.432556e-09 6.545300e-07
10030 4.897461e+00 1.046696e-07 3.151432e-09 6.159052e-07
10040 4.902344e+00 1.074789e-07 2.952017e-09 5.741491e-07
10050 4.907227e+00 1.098001e-07 2.848028e-09 5.300128e-07
10060 4.912109e+00 1.115510e-07 2.842684e-09 4.843515e-07
10070 4.916992e+00 1.126750e-07 2.926316e-09 4.381599e-07
10080 4.921875e+00 1.131367e-07 3.079555e-09 3.926276e-07
10090 4.926758e+00 1.129200e-07 3.279543e-09 3.492225e-07
10100 4.931641e+00 1.120256e-07 3.504948e-09 3.097938e-07
10110 4.936523e+00 1.104684e-07 3.738200e-09 2.766420e-07
10120 4.941406e+00 1.082770e-07 3.965732e-09 2.523897e-07
10130 4.946289e+00 1.054919e-07 4.177397e-09 2.393838e-07
10140 4.951172e+00 1.021650e-07 4.365747e-09 2.386248e-07
10150 4.956055e+00 9.835909e-08 4.525404e-09 2.490293e-07
10160 4.960938e+00 9.414722e-08 4.652596e-09 2.678952e-07
10170 4.965820e+00 8.961302e-08 4.744819e-09 2.920914e-07
10180 4.970703e+00 8.485092e-08 4.800600e-09 3.189048e-07
10190 4.975586e+00 7.996642e-08 4.819327e-09 3.462819e-07
10200 4.980469e+00 7.507686e-08 4.801126e-09 3.727514e-07
10210 4.985352e+00 7.031171e-08 4.746772e-09 3.972755e-07
10220 4.990234e+00 6.581166e-08 4.657615e-09 4.191241e-07
10230 4.995117e+00 6.172562e-08 4.535534e-09 4.377861e-07
10240 5.000000e+00 5.820317e-08 4.382897e-09 4.529113e-07
10250 5.004883e+00 5.538171e-08 4.202537e-09 4.642720e-07
10260 5.009766e+00 5.336686e-08 3.997744e-09 4.717387e-07
10270 5.014648e+00 5.221183e-08 3.772278e-09 4.752623e-07
10280 5.019531e+00 5.190233e-08 3.530404e-09 4.748631e-07
10290 5.024414e+00 5.235618e-08 3.276971e-09 4.706212e-07
10300 5.029297e+00 5.343827e-08 3.017530e-09 4.626710e-07
10310 5.034180e+00 5.498445e-08 2.758522e-09 4.511953e-07
10320 5.039063e+00 5.682549e-08 2.507530e-09 4.364220e-07
10330 5.043945e+00 5.880378e-08 2.273554e-09 4.186208e-07
10340 5.048828e+00 6.078188e-08 2.067142e-09 3.981024e-07
10350 5.053711e+00 6.264622e-08 1.900018e-09 3.752179e-07
10360 5.058594e+00 6.430563e-08 1.783565e-09 3.503614e-07
10370 5.063477e+00 6.568968e-08 1.725851e-09 3.239758e-07
10380 5.068359e+00 6.674621e-08 1.728273e-09 2.965635e-07
10390 5.073242e+00 6.743807e-08 1.784332e-09 2.687062e-07
10400 5.078125e+00 6.774226e-08 1.881853e-09 2.410951e-07
10410 5.083008e+00 6.764675e-08 2.006833e-09 2.145787e-07
10420 5.087891e+00 6.715013e-08 2.146393e-09 1.902244e-07
10430 5.092773e+00 6.626000e-08 2.290011e-09 1.693710e-07
10440 5.097656e+00 6.499212e-08 2.429593e-09 1.535866e-07
10450 5.102539e+00 6.336977e-08 2.559098e-09 1.443715e-07
10460 5.107422e+00 6.142320e-08 2.674090e-09 1.425385e-07
10470 5.112305e+00 5.918917e-08 2.771367e-09 1.476679e-07
10480 5.117188e+00 5.671094e-08 2.848682e-09 1.582487e-07
10490 5.122070e+00 5.403798e-08 2.904545e-09 1.723783e-07
10500 5.126953e+00 5.122632e-08 2.938083e-09 1.883474e-07
10510 5.131836e+00 4.833871e-08 2.948936e-09 2.048427e-07
10520 5.136719e+00 4.544478e-08 2.937192e-09 2.209192e-07
10530 5.141602e+00 4.262130e-08 2.903327e-09 2.359110e-07
10540 5.146484e+00 3.995145e-08 2.848165e-09 2.493502e-07
10550 5.151367e+00 3.752307e-08 2.772850e-09 2.609090e-07
10560 5.156250e+00 3.542414e-08 2.678822e-09 2.703622e-07
10570 5.161133e+00 3.373528e-08 2.567802e-09 2.775619e-07
10580 5.166016e+00 3.251882e-08 2.441789e-09 2.824213e-07
10590 5.170898e+00 3.180667e-08 2.303069e-09 2.849040e-07
10600 5.175781e+00 3.159218e-08 2.154234e-09 2.850161e-07
10610 5.180664e+00 3.182918e-08 1.998233e-09 2.828012e-07
10620 5.185547e+00 3.244015e-08 1.838447e-09 2.783356e-07
10630 5.190430e+00 3.332998e-08 1.678808e-09 2.717255e-07
10640 5.195313e+00 3.439938e-08 1.523962e-09 2.631047e-07
10650 5.200195e+00 3.555516e-08 1.379452e-09 2.526324e-07
10660 5.205078e+00 3.671545e-08 1.251825e-09 2.404927e-07
10670 5.209961e+00 3.781193e-08 1.148428e-09 2.268940e-07
10680 5.214844e+00 3.878952e-08 1.076474e-09 2.120702e-07
10690 5.219727e+00 3.960578e-08 1.041142e-09 1.962844e-07
10700 5.224609e+00 4.022836e-08 1.043384e-09 1.798345e-07
10710 5.229492e+00 4.063483e-08 1.079100e-09 1.630644e-07
10720 5.234375e+00 4.081061e-08 1.140588e-09 1.463821e-07
10730 5.239258e+00 4.074809e-08 1.219036e-09 1.302870e-07
10740 5.244141e+00 4.044606e-08 1.306405e-09 1.154078e-07
10750 5.249023e+00 3.990874e-08 1.396175e-09 1.025381e-07
10760 5.253906e+00 3.914539e-08 1.483363e-09 9.262331e-08
10770 5.258789e+00 3.816980e-08 1.564267e-09 8.660265e-08
10780 5.263672e+00 3.699997e-08 1.636177e-09 8.504295e-08
10790 5.268555e+00 3.565805e-08 1.697139e-09 8.777412e-08
10800 5.273438e+00 3.416993e-08 1.745783e-09 9.392358e-08
10810 5.278320e+00 3.256551e-08 1.781201e-09 1.023338e-07
10820 5.283203e+00 3.087861e-08 1.802856e-09 1.119437e-07
10830 5.288086e+00 2.914713e-08 1.810528e-09 1.219327e-07
10840 5.292969e+00 2.741319e-08 1.804264e-09 1.317102e-07
10850 5.297852e+00 2.572326e-08 1.784349e-09 1.408606e-07
10860 5.302734e+00 2.412759e-08 1.751279e-09 1.490922e-07
10870 5.307617e+00 2.267918e-08 1.705744e-09 1.562010e-07
10880 5.312500e+00 2.143087e-08 1.648611e-09 1.620463e-07
10890 5.317383e+00 2.043078e-08 1.580920e-09 1.665353e-07
10900 5.322266e+00 1.971584e-08 1.503878e-09 1.696128e-07
10910 5.327148e+00 1.930422e-08 1.418861e-09 1.712542e-07
10920 5.332031e+00 1.919079e-08 1.327432e-09 1.714612e-07
10930 5.336914e+00 1.934741e-08 1.231364e-09 1.702582e-07
10940 5.341797e+00 1.972668e-08 1.132687e-09 1.676894e-07
10950 5.346680e+00 2.027145e-08 1.033763e-09 1.638176e-07
10960 5.351563e+00 2.092221e-08 9.373820e-10 1.587220e-07
10970 5.356445e+00 2.162315e-08 8.468898e-10 1.524975e-07
10980 5.361328e+00 2.232516e-08 7.662772e-10 1.452540e-07
10990 5.366211e+00 2.298716e-08 7.001067e-10 1.371160e-07
11000 5.371094e+00 2.357644e-08 6.530071e-10 1.282237e-07
11010 5.375977e+00 2.406731e-08 6.285244e-10 1.187345e-07
11020 5.380859e+00 2.444044e-08 6.276563e-10 1.088268e-07
11030 5.385742e+00 2.468229e-08 6.481453e-10 9.870633e-08
11040 5.390625e+00 2.478412e-08 6.852724e-10 8.861710e-08
11050 5.395508e+00 2.474129e-08 7.334770e-10 7.885774e-08
11060 5.400391e+00 2.455323e-08 7.876347e-10 6.980475e-08
11070 5.405273e+00 2.422234e-08 8.435875e-10 6.193553e-08
11080 5.410156e+00 2.375420e-08 8.981675e-10 5.582480e-08
11090 5.415039e+00 2.315737e-08 9.490297e-10 5.205469e-08
11100 5.419922e+00 2.244261e-08 9.944627e-10 5.099394e-08
11110 5.424805e+00 2.162341e-08 1.033235e-09 5.256433e-08
11120 5.429688e+00 2.071552e-08 1.064481e-09 5.624631e-08
11130 5.434570e+00 1.973711e-08 1.087624e-09 6.133293e-08
11140 5.439453e+00 1.870885e-08 1.102319e-09 6.717115e-08
11150 5.444336e+00 1.765378e-08 1.108416e-09 7.325536e-08
11160 5.449219e+00 1.659769e-08 1.105929e-09 7.922207e-08
11170 5.454102e+00 1.556901e-08 1.095018e-09 8.481590e-08
11180 5.458984e+00 1.459858e-08 1.075974e-09 8.985789e-08
11190 5.463867e+00 1.371897e-08 1.049203e-09 9.422278e-08
11200 5.468750e+00 1.296269e-08 1.015224e-09 9.782414e-08
11210 5.473633e+00 1.235946e-08 9.746568e-10 1.006047e-07
11220 5.478516e+00 1.193167e-08 9.282218e-10 1.025300e-07
11230 5.483398e+00 1.169027e-08 8.767422e-10 1.035844e-07
11240 5.488281e+00 1.163206e-08 8.211499e-10 1.037682e-07
11250 5.493164e+00 1.173900e-08 7.625005e-10 1.030952e-07
11260 5.498047e+00 1.198174e-08 7.019992e-10 1.015918e-07
11270 5.502930e+00 1.232472e-08 6.410419e-10 9.929515e-08
11280 5.507813e+00 1.273175e-08 5.812748e-10 9.625271e-08
11290 5.512695e+00 1.316827e-08 5.246716e-10 9.252140e-08
11300 5.517578e+00 1.360441e-08 4.736031e-10 8.816720e-08
11310 5.522461e+00 1.401529e-08 4.308299e-10 8.326511e-08
11320 5.527344e+00 1.438103e-08 3.992634e-10 7.789950e-08
11330 5.532227e+00 1.468582e-08 3.813292e-10 7.216522e-08
11340 5.537109e+00 1.491818e-08 3.780344e-10 6.616975e-08
11350 5.541992e+00 1.506967e-08 3.883588e-10 6.003707e-08
11360 5.546875e+00 1.513512e-08 4.095770e-10 5.391403e-08
11370 5.551758e+00 1.511158e-08 4.382504e-10 4.798048e-08
11380 5.556641e+00 1.499893e-08 4.711129e-10 4.246324e-08
11390 5.561523e+00 1.479843e-08 5.054810e-10 3.765072e-08
11400 5.566406e+00 1.451361e-08 5.393031e-10 3.389228e-08
11410 5.571289e+00 1.414947e-08 5.710611e-10 3.154648e-08
11420 5.576172e+00 1.371266e-08 5.996490e-10 3.084811e-08
11430 5.581055e+00 1.321141e-08 6.242706e-10 3.176149e-08
11440 5.585938e+00 1.265519e-08 6.443651e-10 3.397670e-08
11450 5.590820e+00 1.205504e-08 6.595547e-10 3.706289e-08
11460 5.595703e+00 1.142358e-08 6.696088e-10 4.061908e-08
11470 5.600586e+00 1.077479e-08 6.744180e-10 4.433410e-08
11480 5.605469e+00 1.012446e-08 6.739764e-10 4.798420e-08
11490 5.610352e+00 9.489983e-09 6.683684e-10 5.141226e-08
11500 5.615234e+00 8.890290e-09 6.577582e-10 5.450818e-08
11510 5.620117e+00 8.345541e-09 6.423830e-10 5.719487e-08
11520 5.625000e+00 7.875913e-09 6.225466e-10 5.941902e-08
11530 5.629883e+00 7.500225e-09 5.986157e-10 6.114513e-08
11540 5.634766e+00 7.232790e-09 5.710181e-10 6.235173e-08
11550 5.639648e+00 7.080994e-09 5.402425e-10 6.302875e-08
11560 5.644531e+00 7.043265e-09 5.068418e-10 6.317582e-08
11570 5.649414e+00 7.108720e-09 4.714413e-10 6.280095e-08
11580 5.654297e+00 7.259368e-09 4.347524e-10 6.191962e-08
11590 5.659180e+00 7.473099e-09 3.975951e-10 6.055407e-08
11600 5.664063e+00 7.727429e-09 3.609321e-10 5.873272e-08
11610 5.668945e+00 8.000496e-09 3.259134e-10 5.648979e-08
11620 5.673828e+00 8.274176e-09 2.939228e-10 5.386503e-08
11630 5.678711e+00 8.532551e-09 2.665900e-10 5.090365e-08
11640 5.683594e+00 8.763602e-09 2.456878e-10 4.765657e-08
11650 5.688477e+00 8.957429e-09 2.328031e-10 4.418102e-08
11660 5.693359e+00 9.106659e-09 2.287867e-10 4.054184e-08
11670 5.698242e+00 9.206414e-09 2.332947e-10 3.681374e-08
11680 5.703125e+00 9.253100e-09 2.448508e-10 3.308508e-08
11690 5.708008e+00 9.245126e-09 2.614014e-10 2.946384e-08
11700 5.712891e+00 9.182089e-09 2.809035e-10 2.608605e-08
11710 5.717773e+00 9.064872e-09 3.016387e-10 2.312471e-08
11720 5.722656e+00 8.895504e-09 3.222797e-10 2.079059e-08
11730 5.727539e+00 8.676825e-09 3.418407e-10 1.930339e-08
11740 5.732422e+00 8.413057e-09 3.596022e-10 1.881386e-08
11750 5.737305e+00 8.108988e-09 3.750455e-10 1.931245e-08
11760 5.742188e+00 7.770360e-09 3.878035e-10 2.061951e-08
11770 5.747070e+00 7.403819e-09 3.976268e-10 2.247466e-08
11780 5.751953e+00 7.016934e-09 4.043592e-10 2.463114e-08
11790 5.756836e+00 6.618219e-09 4.079209e-10 2.689582e-08
11800 5.761719e+00 6.217170e-09 4.082973e-10 2.912930e-08
11810 5.766602e+00 5.824322e-09 4.055299e-10 3.123359e-08
11820 5.771484e+00 5.451246e-09 3.997099e-10 3.313994e-08
11830 5.776367e+00 5.110250e-09 3.909734e-10 3.480019e-08
11840 5.781250e+00 4.813887e-09 3.794978e-10 3.618093e-08
11850 5.786133e+00 4.574119e-09 3.654987e-10 3.725982e-08
11860 5.791016e+00 4.400308e-09 3.492289e-10 3.802315e-08
11870 5.795898e+00 4.297694e-09 3.309782e-10 3.846428e-08
11880 5.800781e+00 4.266464e-09 3.110746e-10 3.858247e-08
11890 5.805664e+00 4.300010e-09 2.898885e-10 3.838220e-08
11900 5.810547e+00 4.388000e-09 2.678401e-10 3.787250e-08
11910 5.815430e+00 4.516951e-09 2.454125e-10 3.706655e-08
11920 5.820313e+00 4.672386e-09 2.231694e-10 3.598131e-08
11930 5.825195e+00 4.841353e-09 2.017815e-10 3.463731e-08
11940 5.830078e+00 5.011687e-09 1.820535e-10 3.305842e-08
11950 5.834961e+00 5.173875e-09 1.649376e-10 3.127185e-08
11960 5.839844e+00 5.319855e-09 1.514885e-10 2.930828e-08
11970 5.844727e+00 5.443786e-09 1.426965e-10 2.720215e-08
11980 5.849609e+00 5.540772e-09 1.391792e-10 2.499247e-08
11990 5.854492e+00 5.607684e-09 1.408776e-10 2.272404e-08
12000 5.859375e+00 5.642332e-09 1.470232e-10 2.044972e-08
12010 5.864258e+00 5.643469e-09 1.564260e-10 1.823381e-08
12020 5.869141e+00 5.610801e-09 1.678398e-10 1.615701e-08
12030 5.874023e+00 5.544703e-09 1.801870e-10 1.432192e-08
12040 5.878906e+00 5.446413e-09 1.926225e-10 1.285429e-08
12050 5.883789e+00 5.317692e-09 2.045137e-10 1.188815e-08
12060 5.888672e+00 5.160844e-09 2.153973e-10 1.152188e-08
12070 5.893555e+00 4.978710e-09 2.249383e-10 1.176163e-08
12080 5.898438e+00 4.774837e-09 2.328983e-10 1.250808e-08
12090 5.903320e+00 4.553162e-09 2.391139e-10 1.360584e-08
12100 5.908203e+00 4.318128e-09 2.434806e-10 1.490262e-08
12110 5.913086e+00 4.074875e-09 2.459421e-10 1.627721e-08
12120 5.917969e+00 3.829069e-09 2.464829e-10 1.764147e-08
12130 5.922852e+00 3.587014e-09 2.451223e-10 1.893326e-08
12140 5.927734e+00 3.355653e-09 2.419105e-10 2.010897e-08
12150 5.932617e+00 3.142470e-09 2.369255e-10 2.113797e-08
12160 5.937500e+00 2.955258e-09 2.302707e-10 2.199899e-08
12170 5.942383e+00 2.801170e-09 2.220730e-10 2.267769e-08
12180 5.947266e+00 2.686601e-09 2.124821e-10 2.316514e-08
12190 5.952148e+00 2.615340e-09 2.016700e-10 2.345681e-08
12200 5.957031e+00 2.588030e-09 1.898317e-10 2.355186e-08
12210 5.961914e+00 2.601481e-09 1.771876e-10 2.345263e-08
12220 5.966797e+00 2.649679e-09 1.639875e-10 2.316430e-08
12230 5.971680e+00 2.724323e-09 1.505176e-10 2.269461e-08
12240 5.976563e+00 2.816973e-09 1.371111e-10 2.205360e-08
12250 5.981445e+00 2.919274e-09 1.241623e-10 2.125350e-08
12260 5.986328e+00 3.023686e-09 1.121431e-10 2.030860e-08
12270 5.991211e+00 3.124106e-09 1.016116e-10 1.923522e-08
12272 5.992188e+00 3.143147e-09 9.973821e-11 1.900671e-08
